7 0.24874189903846153 0.5491936057692308 0.2697102548076923 0.5491936057692308 0.27256957692307693 0.5131938942307692 0.27256957692307693 0.4861941105769231 0.27161646875 0.42859457211538465 0.2658978269230769 0.4141946875 0.2592260769230769 0.4177946586538462 0.24016393509615386 0.4663942692307692 0.2306328629807692 0.5041939663461539 0.2306328629807692 0.5293937644230768 0.2430232548076923 0.5365937067307692 0.24874189903846153 0.5491936057692308
7 0.2868661826923077 0.5563935480769231 0.30306900480769233 0.576193389423077 0.3154593966346154 0.5509935913461539 0.3154593966346154 0.5239938076923077 0.31069386298076923 0.4897940817307692 0.30306900480769233 0.4339945288461538 0.29449104086538463 0.4141946875 0.2868661826923077 0.39799481490384614 0.27733511298076924 0.40699474278846154 0.27733511298076924 0.44119447115384614 0.27733511298076924 0.4951940384615385 0.27352268509615385 0.5149938798076923 0.27161646875 0.5401936778846154 0.2801944350961538 0.5617935048076923 0.2868661826923077 0.5563935480769231
7 0.3497712548076923 0.5743934038461538 0.3573961105769231 0.5545935625 0.3573961105769231 0.5329937355769231 0.3497712548076923 0.49339405288461535 0.3364277548076923 0.4321945432692308 0.32403736298076924 0.3997948028846154 0.3173656129807692 0.39799481490384614 0.30974075480769236 0.4339945288461538 0.3145062908653846 0.48799409615384615 0.3173656129807692 0.5185938509615384 0.3145062908653846 0.5671934615384615 0.3297560048076923 0.576193389423077 0.33166221875 0.5653934759615384 0.3497712548076923 0.5743934038461538
8 0.38789553846153846 0.5383936923076923 0.38122379086538466 0.4987940096153846 0.3735989326923077 0.42139462740384614 0.3678802908653846 0.39799481490384614 0.3593023245192307 0.40879473076923073 0.35548989663461533 0.5005939951923077 0.35358368269230767 0.5365937067307692 0.3631147548076923 0.5599935192307692 0.37836446875 0.5653934759615384 0.38789553846153846 0.5383936923076923
8 0.4060045745192308 0.5581935336538462 0.4193480745192308 0.5653934759615384 0.4222073966346154 0.5257937932692308 0.4136294326923077 0.46279429807692307 0.40028593269230767 0.4123946995192308 0.3907548605769231 0.3871949014423077 0.37645825480769235 0.3925948581730769 0.37550514663461537 0.42139462740384614 0.3802706826923077 0.4951940384615385 0.38503621875000005 0.5491936057692308 0.39361418269230775 0.5653934759615384 0.40505146875 0.5689934471153847 0.4060045745192308 0.5581935336538462
0 0.4136294326923077 0.35119518990384613 0.40886389663461536 0.38179494471153846 0.4107701105769231 0.4771941826923077 0.41267632451923075 0.5293937644230768 0.43364468269230766 0.5635934903846154 0.4431757524038461 0.5293937644230768 0.4403164326923077 0.4771941826923077 0.43173846634615387 0.3871949014423077 0.4241136105769231 0.34759521875000005 0.4136294326923077 0.35119518990384613
4 0.4412695384615385 0.3691950456730769 0.4412695384615385 0.3943948461538461 0.4450819663461539 0.44479444230769233 0.4431757524038461 0.5005939951923077 0.44603507451923075 0.5437936490384615 0.47272207451923076 0.5491936057692308 0.47367518028846156 0.5095939230769231 0.46890964663461543 0.46459428365384614 0.4612847884615385 0.3997948028846154 0.44794128846153847 0.35839513221153846 0.4412695384615385 0.3691950456730769
2 0.4660503245192308 0.3565951466346154 0.4660503245192308 0.39799481490384614 0.47367518028846156 0.48259413942307694 0.47653450240384615 0.552793576923077 0.5060808245192308 0.552793576923077 0.5070339302884616 0.4951940384615385 0.5013152884615384 0.4555943557692308 0.48892489423076924 0.37999495913461534 0.47844071634615387 0.3457952331730769 0.4660503245192308 0.3565951466346154
2 0.5394395721153846 0.4141946875 0.5346740384615385 0.37819497355769227 0.5270491802884615 0.36199510336538465 0.5137056802884615 0.3745950024038462 0.510846358173077 0.4375945 0.510846358173077 0.484394125 0.5079870384615385 0.552793576923077 0.5375333581730769 0.552793576923077 0.5432520024038461 0.5329937355769231 0.5422988942307693 0.484394125 0.5394395721153846 0.4141946875
4 0.5642203581730769 0.36379508894230767 0.5565955024038461 0.36379508894230767 0.550876858173077 0.3943948461538461 0.5451582163461539 0.4771941826923077 0.5432520024038461 0.5455936346153846 0.5708921081730769 0.5437936490384615 0.5689858942307692 0.47179422596153847 0.5689858942307692 0.3997948028846154 0.5642203581730769 0.36379508894230767
0 0.6032977500000001 0.4771941826923077 0.6032977500000001 0.40159478605769233 0.6032977500000001 0.3547951610576923 0.5937666802884615 0.3331953341346154 0.5861418221153847 0.36199510336538465 0.5756576442307693 0.44479444230769233 0.5718452163461538 0.5221938221153846 0.5804231802884615 0.5707934326923076 0.5994853221153846 0.5455936346153846 0.6032977500000001 0.5149938798076923 0.6032977500000001 0.4771941826923077
8 0.6185474639423076 0.5617935048076923 0.6309378581730769 0.5365937067307692 0.6328440721153845 0.5275937788461539 0.6290316442307693 0.4897940817307692 0.6309378581730769 0.42139462740384614 0.6309378581730769 0.3853949182692308 0.6204536802884615 0.37819497355769227 0.6118757139423077 0.42139462740384614 0.6042508581730769 0.4753941971153846 0.596626 0.5023939807692307 0.596626 0.5419936634615385 0.6080632860576923 0.5473936201923076 0.6185474639423076 0.5617935048076923
8 0.6557186418269231 0.5509935913461539 0.65667175 0.5131938942307692 0.6528593221153846 0.484394125 0.6519062139423077 0.41599467067307694 0.6490468942307692 0.3943948461538461 0.6385627139423077 0.41059471634615385 0.6309378581730769 0.48079415384615387 0.6252192139423076 0.5275937788461539 0.6252192139423076 0.5473936201923076 0.6404689278846154 0.552793576923077 0.6557186418269231 0.5509935913461539
7 0.6824056418269231 0.5473936201923076 0.6928898197115385 0.552793576923077 0.702420891826923 0.5257937932692308 0.69670225 0.49339405288461535 0.6938429278846154 0.44299445673076926 0.6938429278846154 0.39619482932692307 0.6862180697115385 0.38359493028846153 0.6776401057692307 0.39799481490384614 0.6690621418269231 0.4303945576923077 0.6633435 0.47899416826923075 0.6538124278846154 0.5185938509615384 0.6538124278846154 0.5383936923076923 0.6709683557692308 0.552793576923077 0.6824056418269231 0.5473936201923076
7 0.7214830336538461 0.5365937067307692 0.7348265336538462 0.5419936634615385 0.7453107139423077 0.5203938365384615 0.7395920697115385 0.47899416826923075 0.7310141057692309 0.4465944278846154 0.7348265336538462 0.39079487500000004 0.729107891826923 0.37099503125 0.7186237139423077 0.3853949182692308 0.709092641826923 0.44119447115384614 0.7014677836538462 0.48079415384615387 0.69670225 0.5095939230769231 0.6986084639423077 0.5437936490384615 0.709092641826923 0.5473936201923076 0.7214830336538461 0.5365937067307692
7 0.7662790697115385 0.5077939375 0.7824818918269231 0.5131938942307692 0.7824818918269231 0.5005939951923077 0.7710446057692307 0.45919432692307693 0.7672321778846154 0.4033947740384616 0.7672321778846154 0.3745950024038462 0.7548417836538461 0.37639498798076926 0.7462638197115384 0.4123946995192308 0.7395920697115385 0.4699942403846154 0.7357796418269231 0.505993951923077 0.7443576057692307 0.5329937355769231 0.7605604278846154 0.5203938365384615 0.7662790697115385 0.5077939375
7 0.7910598557692308 0.7021923822115385 0.7920129615384616 0.6877924975961538 0.7796225697115384 0.6607927139423077 0.7786694615384615 0.6409928725961538 0.7853412115384616 0.6391928870192308 0.7939191754807692 0.6877924975961538 0.8015440336538462 0.6841925264423078 0.7996378197115385 0.6319929447115384 0.7967784975961538 0.5869933052884615 0.789153641826923 0.5365937067307692 0.7710446057692307 0.5365937067307692 0.7624666418269231 0.552793576923077 0.7481700336538462 0.5545935625 0.7386389639423078 0.5653934759615384 0.7414982836538461 0.5941932451923078 0.7519824615384615 0.6103931177884616 0.7605604278846154 0.6355929158653846 0.7681852836538462 0.6715926274038462 0.7910598557692308 0.7021923822115385
7 0.7357796418269231 0.7363921081730769 0.7319672139423077 0.7201922379807691 0.7272016778846153 0.6949924399038461 0.7272016778846153 0.6769925841346154 0.7338734278846153 0.6787925697115385 0.7376858557692307 0.7093923245192308 0.7443576057692307 0.7237922091346154 0.7491231418269231 0.6949924399038461 0.7424513918269231 0.6625926995192307 0.7424513918269231 0.6301929591346155 0.7424513918269231 0.6049931610576923 0.7405451778846154 0.5707934326923076 0.7262485697115384 0.5617935048076923 0.709092641826923 0.577993375 0.7014677836538462 0.5671934615384615 0.6881242860576923 0.577993375 0.6843118557692307 0.5995932043269231 0.6928898197115385 0.6247930024038462 0.703374 0.6517927860576923 0.7129050697115384 0.7021923822115385 0.7233892475961539 0.7309921514423077 0.7357796418269231 0.7363921081730769
7 0.6595310721153846 0.7525919783653846 0.6709683557692308 0.7687918509615385 0.6709683557692308 0.7525919783653846 0.6681090360576923 0.7219922235576923 0.6690621418269231 0.6859925120192307 0.6738276778846154 0.6967924254807693 0.6871711778846153 0.7417920649038462 0.695749141826923 0.76159190625 0.695749141826923 0.7327921370192307 0.6928898197115385 0.7039923677884615 0.6862180697115385 0.6607927139423077 0.6890773918269232 0.6355929158653846 0.6890773918269232 0.6049931610576923 0.6852649639423076 0.5851933173076923 0.6709683557692308 0.5797933605769231 0.6614372860576924 0.5995932043269231 0.6519062139423077 0.5851933173076923 0.6404689278846154 0.595993233173077 0.6423751442307692 0.6175930600961539 0.6480937860576923 0.6499928004807691 0.6547655360576923 0.6751925985576922 0.6547655360576923 0.7039923677884615 0.6595310721153846 0.7525919783653846
8 0.6404689278846154 0.7741918076923077 0.6414220360576923 0.7579919350961538 0.6376096081730769 0.7075923389423077 0.6357033942307692 0.6481928149038462 0.6395158221153847 0.6103931177884616 0.6328440721153845 0.595993233173077 0.6214067860576923 0.5851933173076923 0.6156881442307692 0.5905932764423076 0.6052039639423077 0.5995932043269231 0.6080632860576923 0.6283929735576923 0.6137819302884615 0.6589927283653847 0.6223598942307693 0.712992295673077 0.6309378581730769 0.7687918509615385 0.6404689278846154 0.7741918076923077
8 0.5928135721153847 0.7903916778846154 0.5975791081730769 0.7417920649038462 0.6042508581730769 0.6733926129807692 0.6090163942307693 0.6319929447115384 0.6052039639423077 0.6031931730769231 0.5937666802884615 0.577993375 0.5794700721153846 0.5941932451923078 0.5727983221153846 0.6139930889423076 0.5766107524038462 0.6661926706730769 0.5804231802884615 0.7093923245192308 0.5851887163461538 0.7867917067307691 0.5928135721153847 0.7903916778846154
0 0.5432520024038461 0.7975916201923077 0.5537361802884615 0.7921916634615385 0.5604079302884615 0.7435920504807693 0.5689858942307692 0.6697926418269231 0.5823293942307692 0.5977932163461538 0.5661265721153846 0.5635934903846154 0.5527830721153847 0.5815933485576923 0.5489706442307692 0.6499928004807691 0.5461113221153846 0.6823925408653846 0.5403926802884615 0.76159190625 0.5432520024038461 0.7975916201923077
4 0.5318147163461538 0.7687918509615385 0.5365802524038462 0.7219922235576923 0.5413457884615385 0.6607927139423077 0.5480175384615384 0.6103931177884616 0.5499237524038462 0.5797933605769231 0.5260960745192308 0.576193389423077 0.5232367524038462 0.6067931466346154 0.5260960745192308 0.6391928870192308 0.5251429663461539 0.6967924254807693 0.5232367524038462 0.7687918509615385 0.5318147163461538 0.7687918509615385
2 0.5194243245192308 0.6715926274038462 0.5213305384615384 0.6337929302884615 0.524189858173077 0.5689934471153847 0.5003621802884616 0.5653934759615384 0.5013152884615384 0.6283929735576923 0.504174610576923 0.6481928149038462 0.5013152884615384 0.7525919783653846 0.5137056802884615 0.7525919783653846 0.5194243245192308 0.6715926274038462
2 0.4936904302884615 0.7543919663461539 0.4936904302884615 0.7273921802884615 0.49750286057692306 0.6517927860576923 0.5022683942307692 0.5635934903846154 0.48034693028846154 0.5653934759615384 0.47844071634615387 0.6355929158653846 0.47844071634615387 0.7003923966346155 0.47844071634615387 0.7561919495192307 0.4936904302884615 0.7543919663461539
4 0.47558139663461535 0.7345921225961539 0.47367518028846156 0.6661926706730769 0.47367518028846156 0.6247930024038462 0.47272207451923076 0.5743934038461538 0.44984750240384613 0.5851933173076923 0.44984750240384613 0.5941932451923078 0.45556614663461537 0.6355929158653846 0.4622378966346154 0.7579919350961538 0.47272207451923076 0.7777917788461538 0.47558139663461535 0.7345921225961539
0 0.4488943966346154 0.7903916778846154 0.4488943966346154 0.7345921225961539 0.4488943966346154 0.6607927139423077 0.4488943966346154 0.5995932043269231 0.43173846634615387 0.5707934326923076 0.4222073966346154 0.6103931177884616 0.42601982451923076 0.6733926129807692 0.4326915745192308 0.7579919350961538 0.4393633245192308 0.8029915769230769 0.4488943966346154 0.7903916778846154
8 0.40409836057692305 0.8029915769230769 0.4098170024038461 0.7867917067307691 0.4222073966346154 0.7345921225961539 0.4231605024038462 0.6769925841346154 0.42983225240384615 0.6157930745192307 0.41744186057692306 0.6103931177884616 0.4136294326923077 0.5923932620192308 0.4021921466346154 0.6049931610576923 0.3945672884615385 0.6247930024038462 0.39837971875 0.6697926418269231 0.4012390384615384 0.6967924254807693 0.3993328245192308 0.7723918221153846 0.40409836057692305 0.8029915769230769
8 0.37645825480769235 0.7921916634615385 0.3869424326923077 0.7435920504807693 0.3945672884615385 0.6769925841346154 0.4031452548076923 0.6175930600961539 0.39361418269230775 0.6175930600961539 0.3831300048076923 0.6067931466346154 0.3774113605769231 0.6157930745192307 0.36597407451923075 0.6175930600961539 0.3688333966346154 0.6697926418269231 0.36502096875 0.7453920360576922 0.36502096875 0.7957916346153847 0.37645825480769235 0.7921916634615385
7 0.31069386298076923 0.7705918341346153 0.31355318269230764 0.7813917499999999 0.32499046875 0.7723918221153846 0.33166221875 0.7309921514423077 0.34309950480769236 0.7075923389423077 0.3421463966346154 0.739992079326923 0.3354746466346154 0.7867917067307691 0.34500571875 0.8011915913461538 0.35167746875000006 0.7687918509615385 0.3602554326923077 0.7237922091346154 0.3612085408653846 0.6841925264423078 0.37073961057692306 0.6553927572115386 0.37645825480769235 0.6103931177884616 0.3612085408653846 0.6103931177884616 0.3478650408653846 0.6157930745192307 0.34309950480769236 0.6031931730769231 0.3354746466346154 0.6103931177884616 0.3230842548076923 0.6103931177884616 0.31831871875 0.6265929879807692 0.32403736298076924 0.6661926706730769 0.3268966826923077 0.6967924254807693 0.3202249326923077 0.7255921947115385 0.31069386298076923 0.7705918341346153
7 0.2697102548076923 0.7435920504807693 0.28210064903846155 0.7003923966346155 0.2878192908653846 0.6913924687499999 0.2887723990384615 0.7201922379807691 0.2840068629807692 0.7435920504807693 0.2887723990384615 0.7687918509615385 0.2925848269230769 0.759791920673077 0.3040221129807692 0.7201922379807691 0.30497521875 0.6841925264423078 0.31164696875 0.6517927860576923 0.3202249326923077 0.6229930168269231 0.3202249326923077 0.6067931466346154 0.3040221129807692 0.595993233173077 0.2954441490384615 0.5977932163461538 0.2811475408653846 0.5905932764423076 0.26875714903846154 0.6103931177884616 0.27352268509615385 0.66799265625 0.26494471875000003 0.7075923389423077 0.2592260769230769 0.7435920504807693 0.2697102548076923 0.7435920504807693
7 0.22777354086538462 0.6283929735576923 0.20299275721153845 0.6931924543269231 0.21157072115384615 0.6967924254807693 0.24207014903846155 0.6643926850961539 0.2697102548076923 0.6355929158653846 0.2668509350961539 0.5977932163461538 0.2506481129807692 0.5797933605769231 0.2506481129807692 0.572593420673077 0.24397636298076925 0.5563935480769231 0.22872664903846152 0.5653934759615384 0.21538314903846154 0.5995932043269231 0.19822722115384617 0.6661926706730769 0.19727411298076922 0.6769925841346154 0.22777354086538462 0.6283929735576923
6 0.33070911298076927 0.5977932163461538 0.47844071634615387 0.5617935048076923 0.6433282499999999 0.5671934615384615 0.7386389639423078 0.5509935913461539 0.7901067475961538 0.5095939230769231 0.7967784975961538 0.46459428365384614 0.7967784975961538 0.40519475961538465 0.7967784975961538 0.3457952331730769 0.6576248557692307 0.3601951177884616 0.5804231802884615 0.3097955216346154 0.510846358173077 0.3169954639423077 0.4145825384615385 0.32059543509615385 0.32213114663461534 0.37639498798076926 0.21824247115384615 0.3745950024038462 0.21443004086538459 0.40879473076923073 0.21728936298076923 0.45019439903846153 0.22014868509615385 0.5203938365384615 0.23539839903846155 0.5563935480769231 0.33070911298076927 0.5977932163461538
5 0.06628860096153846 0.16304269471153846 0.04246092307692308 0.172042625 0.03197674519230769 0.1864425096153846 0.033882959134615385 0.22964216346153846 0.050085778846153846 0.31784145673076925 0.05771063701923077 0.4222406225961538 0.06628860096153846 0.5338397283653846 0.07391345673076923 0.6418388653846154 0.09678802884615385 0.7444380432692307 0.16159931490384613 0.8146374831730768 0.2483320625 0.8686370504807692 0.37223599038461536 0.9424364615384615 0.4761246658653846 0.9478364182692308 0.6019348076923077 0.9190366466346155 0.7182138774038461 0.8668370649038462 0.8402115889423077 0.7750378004807692 0.8935855889423077 0.7120383028846154 0.9202725889423077 0.6418388653846154 0.9288505528846154 0.5536395721153846 0.938381625 0.4042407668269231 0.9545844447115385 0.24044207692307693 0.9603030889423076 0.13964288221153848 0.938381625 0.10544315625 0.9107415168269231 0.12164302644230769 0.8945386971153847 0.1810425528846154 0.885007625 0.23144214903846153 0.8926324807692307 0.26564187499999997 0.8802420889423076 0.32144142788461544 0.8621330528846154 0.35204118269230766 0.8392584831730769 0.3484412139423077 0.8097121610576923 0.3196414423076923 0.7896969110576924 0.30344157211538464 0.7754003052884616 0.32324141346153845 0.7734940913461539 0.3448412403846154 0.7868375913461538 0.37724098317307697 0.8039935192307692 0.41684066586538465 0.8078059471153847 0.45284037740384614 0.8097121610576923 0.5050399591346154 0.7811189471153847 0.5392396850961538 0.6762771634615384 0.5698394423076923 0.5771540216346154 0.5734394134615385 0.4847026298076923 0.564439485576923 0.34650209615384614 0.5914392692307693 0.25405070432692306 0.5698394423076923 0.2159264206730769 0.5392396850961538 0.20258292067307693 0.5068399447115385 0.20353602644230767 0.42044063701923073 0.2245043846153846 0.38444092307692307 0.23880099038461539 0.359241125 0.24356652644230767 0.3196414423076923 0.2225981706730769 0.2908416730769231 0.19972359855769228 0.3106415144230769 0.17398970673076922 0.34664122596153846 0.1444433846153846 0.3754409951923077 0.11585017067307693 0.36644106730769227 0.10727220673076923 0.3160414711538462 0.11203774278846154 0.28004175961538463 0.10250667067307692 0.24224206250000002 0.08725695673076922 0.19724242067307693 0.06628860096153846 0.16304269471153846