7 0.29067861298076925 0.4555943557692308 0.3078345408653846 0.3853949182692308 0.3078345408653846 0.3547951610576923 0.2973503629807692 0.34759521875000005 0.2830537548076923 0.37279501682692306 0.26017918509615384 0.3853949182692308 0.25636675480769233 0.42499460096153846 0.26494471875000003 0.4519943846153846 0.29067861298076925 0.4555943557692308
7 0.3068814326923077 0.5185938509615384 0.31069386298076923 0.5347937211538462 0.3268966826923077 0.5185938509615384 0.32403736298076924 0.4699942403846154 0.3202249326923077 0.40519475961538465 0.3126000769230769 0.37999495913461534 0.30211589903846153 0.40879473076923073 0.29353793269230766 0.46279429807692307 0.2840068629807692 0.48799409615384615 0.2840068629807692 0.5203938365384615 0.29353793269230766 0.5239938076923077 0.3068814326923077 0.5185938509615384
7 0.3526305769230769 0.5329937355769231 0.36502096875 0.5491936057692308 0.37645825480769235 0.5347937211538462 0.3735989326923077 0.4951940384615385 0.3669271826923077 0.4663942692307692 0.3631147548076923 0.4123946995192308 0.3507243605769231 0.3943948461538461 0.33833396875 0.39799481490384614 0.33261532692307694 0.4123946995192308 0.32880289663461537 0.4321945432692308 0.33261532692307694 0.47179422596153847 0.32499046875 0.5095939230769231 0.32499046875 0.5365937067307692 0.3402401826923077 0.5437936490384615 0.3526305769230769 0.5329937355769231
8 0.40505146875 0.5401936778846154 0.4098170024038461 0.5077939375 0.40505146875 0.47899416826923075 0.39837971875 0.4195946442307692 0.3898017548076923 0.39079487500000004 0.38503621875000005 0.39619482932692307 0.37931757451923076 0.4483944134615384 0.3774113605769231 0.48079415384615387 0.3697865048076923 0.5149938798076923 0.3774113605769231 0.5455936346153846 0.39266107451923077 0.5365937067307692 0.40505146875 0.5401936778846154
8 0.43459778846153846 0.5509935913461539 0.4403164326923077 0.5113939086538462 0.43555089663461544 0.484394125 0.42601982451923076 0.41599467067307694 0.4136294326923077 0.3871949014423077 0.4060045745192308 0.4033947740384616 0.40791078846153844 0.45019439903846153 0.40886389663461536 0.4915940673076923 0.3993328245192308 0.5149938798076923 0.40409836057692305 0.5455936346153846 0.4203011826923077 0.5473936201923076 0.43459778846153846 0.5509935913461539
0 0.4612847884615385 0.4375945 0.4536599326923077 0.38179494471153846 0.4450819663461539 0.37639498798076926 0.4393633245192308 0.3925948581730769 0.43555089663461544 0.48799409615384615 0.43459778846153846 0.5437936490384615 0.4622378966346154 0.5437936490384615 0.46509721634615386 0.5023939807692307 0.4612847884615385 0.4375945
4 0.48606557451923077 0.41059471634615385 0.47844071634615387 0.39079487500000004 0.46795653846153845 0.41599467067307694 0.4612847884615385 0.4987940096153846 0.4612847884615385 0.552793576923077 0.48606557451923077 0.5599935192307692 0.48415936057692305 0.5023939807692307 0.48606557451923077 0.41059471634615385
2 0.5175181081730769 0.5167938653846154 0.5127525745192307 0.5005939951923077 0.5137056802884615 0.42139462740384614 0.5022683942307692 0.39619482932692307 0.4936904302884615 0.4123946995192308 0.48987800240384616 0.45919432692307693 0.48892489423076924 0.4951940384615385 0.48892489423076924 0.5167938653846154 0.4908311105769231 0.5671934615384615 0.5184712163461538 0.5653934759615384 0.5175181081730769 0.5167938653846154
2 0.5480175384615384 0.5599935192307692 0.5480175384615384 0.505993951923077 0.5480175384615384 0.4753941971153846 0.5403926802884615 0.40519475961538465 0.5280022884615385 0.3943948461538461 0.5232367524038462 0.40879473076923073 0.5251429663461539 0.4555943557692308 0.5222836442307692 0.4861941105769231 0.5213305384615384 0.5149938798076923 0.5184712163461538 0.5545935625 0.5318147163461538 0.5599935192307692 0.5480175384615384 0.5599935192307692
4 0.5575486081730769 0.39619482932692307 0.5527830721153847 0.42859457211538465 0.5527830721153847 0.5005939951923077 0.5518299663461538 0.5653934759615384 0.5737514302884615 0.5653934759615384 0.5737514302884615 0.5149938798076923 0.5689858942307692 0.4465944278846154 0.5651734663461538 0.40699474278846154 0.5575486081730769 0.39619482932692307
0 0.5985322163461538 0.5545935625 0.6023446442307692 0.5185938509615384 0.5975791081730769 0.4861941105769231 0.5918604663461539 0.41599467067307694 0.5861418221153847 0.39799481490384614 0.5804231802884615 0.39799481490384614 0.5766107524038462 0.4321945432692308 0.5737514302884615 0.5095939230769231 0.5718452163461538 0.5419936634615385 0.5766107524038462 0.5671934615384615 0.5918604663461539 0.5653934759615384 0.5985322163461538 0.5545935625
8 0.623313 0.5671934615384615 0.6337971778846154 0.5491936057692308 0.6299847500000001 0.5041939663461539 0.6271254302884616 0.43579451442307693 0.6204536802884615 0.3997948028846154 0.6137819302884615 0.3925948581730769 0.6061570721153846 0.3997948028846154 0.6032977500000001 0.4519943846153846 0.6042508581730769 0.4915940673076923 0.5985322163461538 0.53119375 0.596626 0.5545935625 0.6128288221153846 0.5563935480769231 0.623313 0.5671934615384615
8 0.65667175 0.5599935192307692 0.6633435 0.5221938221153846 0.6585779639423077 0.48799409615384615 0.6557186418269231 0.42139462740384614 0.6490468942307692 0.39619482932692307 0.6423751442307692 0.42139462740384614 0.6318909639423077 0.46459428365384614 0.6337971778846154 0.4951940384615385 0.6261723221153846 0.53119375 0.6290316442307693 0.5617935048076923 0.6433282499999999 0.5599935192307692 0.65667175 0.5599935192307692
7 0.6814525360576924 0.5509935913461539 0.6900305 0.5581935336538462 0.702420891826923 0.5365937067307692 0.702420891826923 0.5149938798076923 0.6947960360576922 0.47899416826923075 0.6843118557692307 0.4177946586538462 0.6747807860576922 0.3943948461538461 0.6662028221153846 0.40699474278846154 0.6604841778846153 0.4465944278846154 0.662390391826923 0.4897940817307692 0.6557186418269231 0.5041939663461539 0.6557186418269231 0.5491936057692308 0.6709683557692308 0.5635934903846154 0.6814525360576924 0.5509935913461539
7 0.7424513918269231 0.5293937644230768 0.7434044975961539 0.4987940096153846 0.7310141057692309 0.4699942403846154 0.7243423557692308 0.41599467067307694 0.7119519639423076 0.3925948581730769 0.703374 0.39619482932692307 0.703374 0.4519943846153846 0.7014677836538462 0.5023939807692307 0.6995615697115384 0.5329937355769231 0.7081395336538462 0.5437936490384615 0.7262485697115384 0.5329937355769231 0.7424513918269231 0.5293937644230768
7 0.7681852836538462 0.40879473076923073 0.7481700336538462 0.3745950024038462 0.7348265336538462 0.35839513221153846 0.7262485697115384 0.37999495913461534 0.7300609975961538 0.42139462740384614 0.7405451778846154 0.4753941971153846 0.7567479975961539 0.4753941971153846 0.7643728557692308 0.45739434134615387 0.775810141826923 0.44479444230769233 0.7681852836538462 0.40879473076923073
7 0.7672321778846154 0.6787925697115385 0.7672321778846154 0.6391928870192308 0.7719977115384615 0.5887932884615384 0.7729508197115386 0.552793576923077 0.769138391826923 0.5293937644230768 0.7577011057692308 0.5329937355769231 0.7500762475961539 0.5347937211538462 0.7395920697115385 0.5437936490384615 0.7252954639423077 0.5473936201923076 0.7262485697115384 0.5833933317307692 0.7348265336538462 0.595993233173077 0.7491231418269231 0.6481928149038462 0.7557948918269232 0.6805925552884615 0.7672321778846154 0.6787925697115385
7 0.7376858557692307 0.716592266826923 0.7224361418269231 0.6751925985576922 0.7176706057692308 0.6535927716346154 0.7186237139423077 0.642792858173077 0.7310141057692309 0.66799265625 0.7443576057692307 0.6967924254807693 0.7481700336538462 0.6967924254807693 0.7386389639423078 0.6553927572115386 0.7281547836538462 0.6103931177884616 0.7243423557692308 0.572593420673077 0.7224361418269231 0.5581935336538462 0.7062333197115385 0.5617935048076923 0.69670225 0.576193389423077 0.6919367139423076 0.5689934471153847 0.6747807860576922 0.5833933317307692 0.6776401057692307 0.6103931177884616 0.6928898197115385 0.6337929302884615 0.7062333197115385 0.6733926129807692 0.7252954639423077 0.7093923245192308 0.7376858557692307 0.716592266826923
7 0.6690621418269231 0.7381920937500001 0.6604841778846153 0.7003923966346155 0.6595310721153846 0.6715926274038462 0.6652497139423077 0.6643926850961539 0.6738276778846154 0.6823925408653846 0.6871711778846153 0.7327921370192307 0.6890773918269232 0.7255921947115385 0.6871711778846153 0.6841925264423078 0.6804994278846154 0.642792858173077 0.6795463197115384 0.5941932451923078 0.6642966057692308 0.5797933605769231 0.6547655360576923 0.5851933173076923 0.6433282499999999 0.5851933173076923 0.6309378581730769 0.5923932620192308 0.6318909639423077 0.6157930745192307 0.6395158221153847 0.6481928149038462 0.6461875721153846 0.6967924254807693 0.6604841778846153 0.7345921225961539 0.6690621418269231 0.7381920937500001
8 0.6328440721153845 0.7525919783653846 0.6337971778846154 0.7057923533653846 0.6357033942307692 0.6517927860576923 0.6366565000000001 0.6121931033653847 0.6357033942307692 0.5833933317307692 0.6137819302884615 0.5851933173076923 0.6013915360576922 0.5905932764423076 0.6032977500000001 0.6157930745192307 0.6090163942307693 0.6463928293269231 0.617594358173077 0.7039923677884615 0.6299847500000001 0.76159190625 0.6328440721153845 0.7525919783653846
8 0.6042508581730769 0.759791920673077 0.6042508581730769 0.7039923677884615 0.6042508581730769 0.6481928149038462 0.6042508581730769 0.5977932163461538 0.5956728942307692 0.5869933052884615 0.5785169663461539 0.5887932884615384 0.5737514302884615 0.6067931466346154 0.5785169663461539 0.6481928149038462 0.5870949302884616 0.712992295673077 0.5994853221153846 0.7705918341346153 0.6042508581730769 0.759791920673077
0 0.5708921081730769 0.7525919783653846 0.5756576442307693 0.6715926274038462 0.5766107524038462 0.5887932884615384 0.5537361802884615 0.5851933173076923 0.5546892860576923 0.6373929014423076 0.5575486081730769 0.7345921225961539 0.5632672524038461 0.7795917620192309 0.5708921081730769 0.7525919783653846
4 0.5422988942307693 0.7057923533653846 0.5480175384615384 0.64459284375 0.550876858173077 0.5869933052884615 0.5270491802884615 0.5887932884615384 0.5299085024038461 0.6301929591346155 0.5318147163461538 0.7039923677884615 0.5365802524038462 0.739992079326923 0.5422988942307693 0.7057923533653846
2 0.5251429663461539 0.689592483173077 0.5280022884615385 0.6319929447115384 0.5280022884615385 0.5869933052884615 0.5070339302884616 0.5851933173076923 0.5098932524038461 0.6301929591346155 0.5127525745192307 0.6733926129807692 0.5222836442307692 0.7111923100961538 0.5251429663461539 0.689592483173077
2 0.5051277163461538 0.6481928149038462 0.5089401442307693 0.5833933317307692 0.4908311105769231 0.5833933317307692 0.4908311105769231 0.6247930024038462 0.4917842163461538 0.689592483173077 0.49845596634615386 0.7201922379807691 0.5051277163461538 0.6481928149038462
4 0.4851124663461538 0.7075923389423077 0.48892489423076924 0.6373929014423076 0.48987800240384616 0.5833933317307692 0.4660503245192308 0.5797933605769231 0.4698627524038462 0.6337929302884615 0.47272207451923076 0.6913924687499999 0.48034693028846154 0.7219922235576923 0.4851124663461538 0.7075923389423077
0 0.45556614663461537 0.71479228125 0.46700343028846153 0.6391928870192308 0.47272207451923076 0.5869933052884615 0.4612847884615385 0.5707934326923076 0.4393633245192308 0.5833933317307692 0.4393633245192308 0.6337929302884615 0.44222264663461536 0.6949924399038461 0.4527068245192308 0.7579919350961538 0.45556614663461537 0.71479228125
8 0.42601982451923076 0.712992295673077 0.4365040024038462 0.6535927716346154 0.4450819663461539 0.5977932163461538 0.42983225240384615 0.572593420673077 0.41172321875 0.577993375 0.4136294326923077 0.6229930168269231 0.40886389663461536 0.7291921658653846 0.41648875240384614 0.7579919350961538 0.42601982451923076 0.712992295673077
8 0.4031452548076923 0.7021923822115385 0.4107701105769231 0.64459284375 0.41744186057692306 0.5923932620192308 0.4107701105769231 0.5815933485576923 0.39170796874999997 0.576193389423077 0.37645825480769235 0.5887932884615384 0.3821768966346154 0.6337929302884615 0.38503621875000005 0.7435920504807693 0.39266107451923077 0.7543919663461539 0.4031452548076923 0.7021923822115385
7 0.33738086057692307 0.689592483173077 0.34500571875 0.6553927572115386 0.3564430048076923 0.6409928725961538 0.3573961105769231 0.66799265625 0.3478650408653846 0.7111923100961538 0.3478650408653846 0.7381920937500001 0.3612085408653846 0.712992295673077 0.37455204086538463 0.6661926706730769 0.3774113605769231 0.6229930168269231 0.3859893245192308 0.5797933605769231 0.37645825480769235 0.5689934471153847 0.3631147548076923 0.577993375 0.3545367908653846 0.5653934759615384 0.33738086057692307 0.572593420673077 0.3354746466346154 0.619393045673077 0.32499046875 0.7057923533653846 0.3278497908653846 0.71479228125 0.33738086057692307 0.689592483173077
7 0.2830537548076923 0.6607927139423077 0.29830346875 0.6319929447115384 0.28591307692307694 0.689592483173077 0.2878192908653846 0.7003923966346155 0.30306900480769233 0.6697926418269231 0.3202249326923077 0.6265929879807692 0.3402401826923077 0.5905932764423076 0.33166221875 0.5617935048076923 0.3211780408653846 0.5617935048076923 0.31355318269230764 0.5545935625 0.2963972548076923 0.5473936201923076 0.2897255048076923 0.5689934471153847 0.28591307692307694 0.5995932043269231 0.2697102548076923 0.6661926706730769 0.27256957692307693 0.6769925841346154 0.2830537548076923 0.6607927139423077
7 0.26113229086538464 0.6643926850961539 0.27733511298076924 0.6157930745192307 0.29163171875 0.5851933173076923 0.29163171875 0.5563935480769231 0.27924132692307696 0.5275937788461539 0.26494471875000003 0.5347937211538462 0.25636675480769233 0.5167938653846154 0.24588257692307694 0.5293937644230768 0.24397636298076925 0.552793576923077 0.24588257692307694 0.5815933485576923 0.24588257692307694 0.6373929014423076 0.2535074350961538 0.6751925985576922 0.26113229086538464 0.6643926850961539
6 0.46509721634615386 0.5689934471153847 0.5880480360576923 0.5815933485576923 0.7081395336538462 0.552793576923077 0.7748570336538462 0.4987940096153846 0.7901067475961538 0.4555943557692308 0.7967784975961538 0.40879473076923073 0.7805756754807691 0.3529951754807692 0.7367327475961538 0.32419540625 0.6709683557692308 0.37639498798076926 0.5461113221153846 0.36379508894230767 0.4441288605769231 0.3601951177884616 0.34119329086538464 0.3691950456730769 0.28210064903846155 0.31159550721153845 0.24207014903846155 0.3133954927884615 0.22300800721153846 0.36379508894230767 0.22491422115384616 0.43579451442307693 0.24207014903846155 0.4735942115384616 0.2592260769230769 0.4987940096153846 0.3402401826923077 0.5581935336538462 0.46509721634615386 0.5689934471153847
5 0.2392108269230769 0.7521779831730769 0.3507243605769231 0.8349773197115385 0.4603316802884615 0.8853769182692308 0.58995425 0.8871769014423077 0.702420891826923 0.8205774350961538 0.7843881057692308 0.7683778533653847 0.8463400673076923 0.7053783557692307 0.8739801754807692 0.6225790192307692 0.8749332812499999 0.5397796826923077 0.8920892115384615 0.4407804735576923 0.9130575673076924 0.33818129567307686 0.8939954254807693 0.296781625 0.8663553173076923 0.30758153846153846 0.8634959975961538 0.3507811923076923 0.8444338533653847 0.4083807331730769 0.8139344254807692 0.4083807331730769 0.7767632475961539 0.3831809350961538 0.7472169278846154 0.35978112259615386 0.7329203197115385 0.38498092067307693 0.7414982836538461 0.42818057451923075 0.7672321778846154 0.45698034375 0.7748570336538462 0.5019799855769231 0.7329203197115385 0.5379796947115385 0.6090163942307693 0.572179423076923 0.48987800240384616 0.5649794807692308 0.29449104086538463 0.5343797259615385 0.24874189903846153 0.48578011298076923 0.26017918509615384 0.4443804447115385 0.29449104086538463 0.41558067548076927 0.2963972548076923 0.3543811658653846 0.27542889903846157 0.34178126442307694 0.26017918509615384 0.35978112259615386 0.2411170408653846 0.39578083413461534 0.20489897115384614 0.4119807043269231 0.17630575721153846 0.40298077644230773 0.16486847115384615 0.3723810216346154 0.16772779326923076 0.3291813677884615 0.14961875721153844 0.30218158173076926 0.12579107932692307 0.3057815528846154 0.11816622115384615 0.3525811802884615 0.13436904326923077 0.4119807043269231 0.15057186538461537 0.505579954326923 0.16200914903846153 0.6639786875 0.2392108269230769 0.7521779831730769