7 0.2430232548076923 0.43579451442307693 0.2544605408653846 0.42859457211538465 0.2620853990384615 0.3889948870192308 0.27161646875 0.3421952620192308 0.2763820048076923 0.3025955793269231 0.2668509350961539 0.30079559375 0.23444529086538463 0.34039527644230766 0.21728936298076923 0.36739506009615386 0.21538314903846154 0.3853949182692308 0.22491422115384616 0.4231946153846154 0.2430232548076923 0.43579451442307693
7 0.27256957692307693 0.46459428365384614 0.2801944350961538 0.48079415384615387 0.3002096826923077 0.4735942115384616 0.3011627908653846 0.4321945432692308 0.2973503629807692 0.39799481490384614 0.3011627908653846 0.3493952043269231 0.29925657692307694 0.32059543509615385 0.29353793269230766 0.32059543509615385 0.2878192908653846 0.37639498798076926 0.2840068629807692 0.34759521875000005 0.28210064903846155 0.3169954639423077 0.27733511298076924 0.32599539182692305 0.26399161298076923 0.3925948581730769 0.2535074350961538 0.4321945432692308 0.25160122115384614 0.45019439903846153 0.26017918509615384 0.4699942403846154 0.27256957692307693 0.46459428365384614
7 0.31927182692307693 0.5041939663461539 0.33166221875 0.5131938942307692 0.3469119326923077 0.505993951923077 0.3497712548076923 0.47179422596153847 0.34500571875 0.44119447115384614 0.3469119326923077 0.38359493028846153 0.3478650408653846 0.34759521875000005 0.3354746466346154 0.3169954639423077 0.3297560048076923 0.30619555048076924 0.32213114663461534 0.3331953341346154 0.31164696875 0.35119518990384613 0.3068814326923077 0.4339945288461538 0.2973503629807692 0.4537943701923077 0.2973503629807692 0.48259413942307694 0.3087876466346154 0.5041939663461539 0.31927182692307693 0.5041939663461539
8 0.3735989326923077 0.5113939086538462 0.3859893245192308 0.4987940096153846 0.3831300048076923 0.45019439903846153 0.3831300048076923 0.3745950024038462 0.3831300048076923 0.3385952908653846 0.37455204086538463 0.32419540625 0.36597407451923075 0.3385952908653846 0.3573961105769231 0.42139462740384614 0.3526305769230769 0.46099431249999995 0.3440526105769231 0.484394125 0.3440526105769231 0.5095939230769231 0.3593023245192307 0.5239938076923077 0.3735989326923077 0.5113939086538462
8 0.4012390384615384 0.5293937644230768 0.4193480745192308 0.5023939807692307 0.4193480745192308 0.4555943557692308 0.41839496875000004 0.38359493028846153 0.41267632451923075 0.34039527644230766 0.40886389663461536 0.32959536298076925 0.40028593269230767 0.3421952620192308 0.39266107451923077 0.40699474278846154 0.38503621875000005 0.4537943701923077 0.37836446875 0.4951940384615385 0.3774113605769231 0.5275937788461539 0.3869424326923077 0.5473936201923076 0.4012390384615384 0.5293937644230768
0 0.4488943966346154 0.5149938798076923 0.44603507451923075 0.44479444230769233 0.4403164326923077 0.37279501682692306 0.42983225240384615 0.3349953197115385 0.42125428846153845 0.3367953052884615 0.41839496875000004 0.39079487500000004 0.41839496875000004 0.4663942692307692 0.41267632451923075 0.5167938653846154 0.42125428846153845 0.5635934903846154 0.4431757524038461 0.552793576923077 0.4488943966346154 0.5149938798076923
3 0.47367518028846156 0.4231946153846154 0.47367518028846156 0.3745950024038462 0.46414411057692306 0.34759521875000005 0.4574723605769231 0.36199510336538465 0.4517537163461538 0.42679458653846153 0.4488943966346154 0.4987940096153846 0.44698818269230767 0.5617935048076923 0.4698627524038462 0.5617935048076923 0.47367518028846156 0.4951940384615385 0.47367518028846156 0.4231946153846154
1 0.5098932524038461 0.5203938365384615 0.5022683942307692 0.4735942115384616 0.5032215024038462 0.38359493028846153 0.49273732451923075 0.32959536298076925 0.47939382451923074 0.35119518990384613 0.4774876105769231 0.41599467067307694 0.4746282884615385 0.4987940096153846 0.47272207451923076 0.5401936778846154 0.47653450240384615 0.5653934759615384 0.5089401442307693 0.5635934903846154 0.5098932524038461 0.5203938365384615
1 0.544205108173077 0.5149938798076923 0.5384864663461538 0.47899416826923075 0.5356271442307692 0.4321945432692308 0.5318147163461538 0.3547951610576923 0.5270491802884615 0.3331953341346154 0.5165650024038462 0.3385952908653846 0.5137056802884615 0.3925948581730769 0.5146587884615385 0.4555943557692308 0.5127525745192307 0.5023939807692307 0.5089401442307693 0.5203938365384615 0.5117994663461538 0.5653934759615384 0.5432520024038461 0.5617935048076923 0.544205108173077 0.5149938798076923
3 0.5727983221153846 0.5455936346153846 0.5727983221153846 0.5095939230769231 0.5689858942307692 0.46819425480769233 0.5651734663461538 0.4033947740384616 0.5565955024038461 0.3547951610576923 0.5499237524038462 0.3691950456730769 0.5451582163461539 0.4123946995192308 0.5470644302884615 0.4987940096153846 0.5461113221153846 0.53119375 0.5480175384615384 0.5635934903846154 0.5680327860576923 0.5635934903846154 0.5727983221153846 0.5455936346153846
0 0.6080632860576923 0.5257937932692308 0.6013915360576922 0.4735942115384616 0.5956728942307692 0.3871949014423077 0.5890011442307692 0.34759521875000005 0.5766107524038462 0.37099503125 0.5766107524038462 0.46099431249999995 0.5708921081730769 0.4951940384615385 0.5699390024038462 0.5347937211538462 0.5851887163461538 0.5563935480769231 0.6004384302884616 0.5581935336538462 0.6080632860576923 0.5257937932692308
8 0.6366565000000001 0.5077939375 0.6337971778846154 0.4519943846153846 0.6252192139423076 0.38179494471153846 0.6099694999999999 0.34399524759615385 0.6052039639423077 0.37999495913461534 0.6052039639423077 0.45019439903846153 0.596626 0.4915940673076923 0.6032977500000001 0.5329937355769231 0.6156881442307692 0.5275937788461539 0.6309378581730769 0.5545935625 0.6366565000000001 0.53119375 0.6366565000000001 0.5077939375
8 0.6585779639423077 0.5401936778846154 0.67001525 0.5203938365384615 0.662390391826923 0.4663942692307692 0.6557186418269231 0.40159478605769233 0.6480937860576923 0.3385952908653846 0.6404689278846154 0.3367953052884615 0.6357033942307692 0.3871949014423077 0.6337971778846154 0.45739434134615387 0.6337971778846154 0.5149938798076923 0.6452344639423077 0.5221938221153846 0.6519062139423077 0.5419936634615385 0.6585779639423077 0.5401936778846154
7 0.7052802139423077 0.5077939375 0.7186237139423077 0.48799409615384615 0.703374 0.44119447115384614 0.7005146778846154 0.39079487500000004 0.6928898197115385 0.3331953341346154 0.6785932139423078 0.32599539182692305 0.6690621418269231 0.34399524759615385 0.6642966057692308 0.40159478605769233 0.6681090360576923 0.44479444230769233 0.6671559278846153 0.49699402403846155 0.6738276778846154 0.5239938076923077 0.6900305 0.5149938798076923 0.7052802139423077 0.5077939375
7 0.7586542115384615 0.4699942403846154 0.7624666418269231 0.44299445673076926 0.7472169278846154 0.4123946995192308 0.7367327475961538 0.36559507451923073 0.7310141057692309 0.32959536298076925 0.7148112836538462 0.3187954495192308 0.702420891826923 0.3457952331730769 0.7071864278846154 0.3925948581730769 0.7129050697115384 0.4375945 0.7109988557692308 0.46459428365384614 0.7252954639423077 0.4915940673076923 0.7434044975961539 0.4753941971153846 0.7586542115384615 0.4699942403846154
7 0.7834349975961538 0.42499460096153846 0.7862943197115384 0.3853949182692308 0.7710446057692307 0.3601951177884616 0.7605604278846154 0.3187954495192308 0.7472169278846154 0.2989956081730769 0.7405451778846154 0.32059543509615385 0.7453107139423077 0.3691950456730769 0.7500762475961539 0.4177946586538462 0.7596073197115385 0.4339945288461538 0.7777163557692308 0.4465944278846154 0.7834349975961538 0.42499460096153846
7 0.7824818918269231 0.642792858173077 0.7739039254807693 0.619393045673077 0.775810141826923 0.5995932043269231 0.7834349975961538 0.6373929014423076 0.7958253894230769 0.642792858173077 0.7958253894230769 0.6013931899038462 0.7882005336538461 0.5653934759615384 0.7910598557692308 0.5293937644230768 0.7853412115384616 0.5131938942307692 0.7710446057692307 0.5023939807692307 0.7653259615384616 0.5203938365384615 0.7519824615384615 0.5167938653846154 0.7395920697115385 0.5239938076923077 0.7405451778846154 0.5581935336538462 0.7472169278846154 0.5833933317307692 0.7615135336538461 0.6409928725961538 0.7805756754807691 0.6571927427884615 0.7824818918269231 0.642792858173077
7 0.7538886778846153 0.7093923245192308 0.7462638197115384 0.6805925552884615 0.7338734278846153 0.6535927716346154 0.7319672139423077 0.6283929735576923 0.7491231418269231 0.6535927716346154 0.7719977115384615 0.6823925408653846 0.7739039254807693 0.6769925841346154 0.7681852836538462 0.6499928004807691 0.7529355697115385 0.6139930889423076 0.7434044975961539 0.5851933173076923 0.7376858557692307 0.5383936923076923 0.7224361418269231 0.5293937644230768 0.709092641826923 0.5455936346153846 0.7005146778846154 0.5455936346153846 0.6900305 0.5635934903846154 0.6900305 0.5851933173076923 0.7062333197115385 0.6211930312499999 0.7195768197115384 0.6571927427884615 0.7357796418269231 0.689592483173077 0.7538886778846153 0.7093923245192308
7 0.6776401057692307 0.7561919495192307 0.6776401057692307 0.7345921225961539 0.6728745697115385 0.7021923822115385 0.6690621418269231 0.6571927427884615 0.6738276778846154 0.6517927860576923 0.6824056418269231 0.6661926706730769 0.6947960360576922 0.7111923100961538 0.7081395336538462 0.7183922524038462 0.703374 0.6967924254807693 0.6900305 0.6355929158653846 0.6900305 0.5797933605769231 0.6890773918269232 0.5653934759615384 0.6747807860576922 0.5635934903846154 0.6595310721153846 0.576193389423077 0.6423751442307692 0.5635934903846154 0.6347502860576923 0.5797933605769231 0.6404689278846154 0.6067931466346154 0.6519062139423077 0.6409928725961538 0.6557186418269231 0.6931924543269231 0.6681090360576923 0.7327921370192307 0.6776401057692307 0.7561919495192307
8 0.6633435 0.7795917620192309 0.6499999999999999 0.7093923245192308 0.6404689278846154 0.6355929158653846 0.6385627139423077 0.5977932163461538 0.6147350360576923 0.5887932884615384 0.6052039639423077 0.5995932043269231 0.6071101802884615 0.6265929879807692 0.6195005721153847 0.6517927860576923 0.6299847500000001 0.6913924687499999 0.6480937860576923 0.7525919783653846 0.6633435 0.7795917620192309
8 0.6071101802884615 0.7687918509615385 0.6118757139423077 0.7561919495192307 0.6061570721153846 0.7057923533653846 0.6061570721153846 0.6661926706730769 0.6090163942307693 0.64459284375 0.6099694999999999 0.6157930745192307 0.5975791081730769 0.6031931730769231 0.5851887163461538 0.6013931899038462 0.5747045360576923 0.619393045673077 0.5823293942307692 0.6553927572115386 0.5870949302884616 0.6985924110576923 0.5956728942307692 0.7507919927884615 0.6071101802884615 0.7687918509615385
0 0.5689858942307692 0.7579919350961538 0.5718452163461538 0.7507919927884615 0.5737514302884615 0.6949924399038461 0.5737514302884615 0.6553927572115386 0.5785169663461539 0.6121931033653847 0.5670796802884616 0.595993233173077 0.5527830721153847 0.5869933052884615 0.5499237524038462 0.6031931730769231 0.5499237524038462 0.64459284375 0.550876858173077 0.6733926129807692 0.5585017163461539 0.7273921802884615 0.5689858942307692 0.7579919350961538
4 0.5384864663461538 0.7363921081730769 0.5422988942307693 0.7039923677884615 0.5470644302884615 0.6481928149038462 0.550876858173077 0.5977932163461538 0.5260960745192308 0.5869933052884615 0.5270491802884615 0.6373929014423076 0.5289553942307692 0.6787925697115385 0.5308616081730769 0.7363921081730769 0.5384864663461538 0.7363921081730769
1 0.5175181081730769 0.7381920937500001 0.5222836442307692 0.712992295673077 0.5232367524038462 0.6571927427884615 0.5232367524038462 0.5923932620192308 0.5060808245192308 0.5905932764423076 0.5079870384615385 0.6373929014423076 0.5098932524038461 0.6697926418269231 0.510846358173077 0.7183922524038462 0.5175181081730769 0.7381920937500001
1 0.504174610576923 0.6913924687499999 0.504174610576923 0.6409928725961538 0.504174610576923 0.5905932764423076 0.48415936057692305 0.5905932764423076 0.4851124663461538 0.6355929158653846 0.49273732451923075 0.6805925552884615 0.49750286057692306 0.7327921370192307 0.504174610576923 0.6913924687499999
3 0.4936904302884615 0.7093923245192308 0.48606557451923077 0.6355929158653846 0.48606557451923077 0.5923932620192308 0.4612847884615385 0.595993233173077 0.46414411057692306 0.6481928149038462 0.4746282884615385 0.7021923822115385 0.48606557451923077 0.7453920360576922 0.4936904302884615 0.7093923245192308
0 0.4574723605769231 0.7435920504807693 0.45937857451923075 0.7039923677884615 0.45937857451923075 0.6499928004807691 0.46319100240384614 0.6211930312499999 0.4527068245192308 0.5923932620192308 0.4412695384615385 0.5977932163461538 0.4288791466346154 0.6085931322115384 0.43364468269230766 0.6463928293269231 0.4393633245192308 0.7003923966346155 0.4450819663461539 0.7561919495192307 0.4574723605769231 0.7435920504807693
8 0.4155356466346154 0.7561919495192307 0.42697293269230774 0.7183922524038462 0.4279260384615385 0.6571927427884615 0.43555089663461544 0.6139930889423076 0.4231605024038462 0.5905932764423076 0.40028593269230767 0.5977932163461538 0.40409836057692305 0.642792858173077 0.4069576826923077 0.7291921658653846 0.4012390384615384 0.7687918509615385 0.4155356466346154 0.7561919495192307
8 0.3507243605769231 0.7633918942307693 0.36502096875 0.7507919927884615 0.38122379086538466 0.6913924687499999 0.397426610576923 0.6373929014423076 0.4107701105769231 0.6049931610576923 0.3993328245192308 0.572593420673077 0.38789553846153846 0.5797933605769231 0.37169271875 0.5797933605769231 0.3688333966346154 0.6301929591346155 0.3573961105769231 0.7039923677884615 0.3478650408653846 0.7561919495192307 0.3507243605769231 0.7633918942307693
7 0.3002096826923077 0.716592266826923 0.3078345408653846 0.7057923533653846 0.3211780408653846 0.6697926418269231 0.33261532692307694 0.642792858173077 0.33833396875 0.64459284375 0.3364277548076923 0.6841925264423078 0.33070911298076927 0.7327921370192307 0.3345215408653846 0.7417920649038462 0.35167746875000006 0.7057923533653846 0.3545367908653846 0.6697926418269231 0.35548989663461533 0.6283929735576923 0.3669271826923077 0.6121931033653847 0.3774113605769231 0.572593420673077 0.36597407451923075 0.552793576923077 0.3488181466346154 0.5599935192307692 0.3354746466346154 0.5383936923076923 0.31927182692307693 0.5509935913461539 0.3164125048076923 0.576193389423077 0.3173656129807692 0.6139930889423076 0.3068814326923077 0.6535927716346154 0.29925657692307694 0.6931924543269231 0.3002096826923077 0.716592266826923
7 0.2582729711538462 0.6409928725961538 0.2668509350961539 0.6157930745192307 0.27733511298076924 0.6067931466346154 0.2668509350961539 0.6499928004807691 0.26017918509615384 0.6733926129807692 0.2706633629807692 0.6751925985576922 0.28495996875 0.64459284375 0.29830346875 0.6121931033653847 0.31831871875 0.576193389423077 0.3211780408653846 0.5509935913461539 0.3087876466346154 0.5365937067307692 0.2963972548076923 0.5383936923076923 0.2868661826923077 0.5149938798076923 0.27161646875 0.5149938798076923 0.2658978269230769 0.5365937067307692 0.2630385048076923 0.5707934326923076 0.2430232548076923 0.6283929735576923 0.2411170408653846 0.6499928004807691 0.2582729711538462 0.6409928725961538
7 0.22205489903846154 0.6355929158653846 0.22205489903846154 0.6121931033653847 0.23158597115384616 0.5869933052884615 0.22682043509615385 0.619393045673077 0.23539839903846155 0.6391928870192308 0.2506481129807692 0.6229930168269231 0.2535074350961538 0.5941932451923078 0.2630385048076923 0.5635934903846154 0.2678040408653846 0.5149938798076923 0.2544605408653846 0.5041939663461539 0.24207014903846155 0.5077939375 0.22967975721153847 0.49699402403846155 0.21157072115384615 0.5113939086538462 0.21538314903846154 0.5563935480769231 0.21157072115384615 0.5887932884615384 0.20966450721153845 0.6355929158653846 0.22205489903846154 0.6355929158653846
6 0.21824247115384615 0.46099431249999995 0.39170796874999997 0.5599935192307692 0.5117994663461538 0.577993375 0.6452344639423077 0.5617935048076923 0.7510293557692307 0.48799409615384615 0.802497139423077 0.4303945576923077 0.8015440336538462 0.3457952331730769 0.7634197475961538 0.28279573798076924 0.6728745697115385 0.3097955216346154 0.5146587884615385 0.3133954927884615 0.2506481129807692 0.2863957091346154 0.22396111298076923 0.32599539182692305 0.20871139903846153 0.36199510336538465 0.20203964903846156 0.4195946442307692 0.21824247115384615 0.46099431249999995
5 0.08099504326923078 0.17659658653846153 0.07718261538461538 0.2233962139423077 0.08576057932692308 0.27919576682692304 0.09624475721153845 0.36199510336538465 0.09624475721153845 0.5077939375 0.09529165144230768 0.5995932043269231 0.10482272115384615 0.7345921225961539 0.14675943509615383 0.7813917499999999 0.19822722115384617 0.78499171875 0.2840068629807692 0.8587911298076923 0.37550514663461537 0.9163906682692308 0.49654975240384613 0.9325905384615385 0.6080632860576923 0.9307905528846153 0.703374 0.8875908990384616 0.7882005336538461 0.8155914759615384 0.8186999615384616 0.7993916033653845 0.8654022115384615 0.7885916923076923 0.8987609615384616 0.7507919927884615 0.9092451394230768 0.6157930745192307 0.8939954254807693 0.4753941971153846 0.8939954254807693 0.3367953052884615 0.9044796033653846 0.22159622836538462 0.8978078533653846 0.16759665865384615 0.8711208533653847 0.15859673076923078 0.8491993894230769 0.18199654326923076 0.8453869615384615 0.2377960985576923 0.8463400673076923 0.28279573798076924 0.8263248197115385 0.31519547836538464 0.802497139423077 0.29719562259615384 0.7834349975961538 0.24139606971153846 0.7662790697115385 0.21619626923076923 0.7472169278846154 0.2107963125 0.7329203197115385 0.234196125 0.7281547836538462 0.27379581009615384 0.7538886778846153 0.3169954639423077 0.7834349975961538 0.36379508894230767 0.7872474254807693 0.42679458653846153 0.7843881057692308 0.46459428365384614 0.7681852836538462 0.4951940384615385 0.6576248557692307 0.5617935048076923 0.5156118942307693 0.5869933052884615 0.39266107451923077 0.572593420673077 0.28495996875 0.5113939086538462 0.22872664903846152 0.4555943557692308 0.21538314903846154 0.3925948581730769 0.23444529086538463 0.3367953052884615 0.26494471875000003 0.3169954639423077 0.27733511298076924 0.2953956370192308 0.2801944350961538 0.2521959831730769 0.27256957692307693 0.22699618509615385 0.24683568509615383 0.21619626923076923 0.22586732692307693 0.234196125 0.20966450721153845 0.2629958966346154 0.18488372115384613 0.3025955793269231 0.16772779326923076 0.3097955216346154 0.14771254326923075 0.2917956658653846 0.1353221514423077 0.2377960985576923 0.1353221514423077 0.1945964423076923 0.12102554326923078 0.16039671634615382 0.09910407932692308 0.15319677403846155 0.08099504326923078 0.17659658653846153