7 0.2411170408653846 0.45919432692307693 0.2506481129807692 0.45739434134615387 0.2630385048076923 0.4465944278846154 0.26399161298076923 0.41599467067307694 0.2668509350961539 0.3871949014423077 0.26875714903846154 0.3385952908653846 0.2658978269230769 0.30439556490384617 0.2630385048076923 0.30439556490384617 0.25731986298076925 0.34399524759615385 0.25636675480769233 0.2953956370192308 0.2477887908653846 0.30079559375 0.24492947115384614 0.34399524759615385 0.23730461298076921 0.37639498798076926 0.22682043509615385 0.40699474278846154 0.2306328629807692 0.44299445673076926 0.2411170408653846 0.45919432692307693
7 0.27924132692307696 0.48259413942307694 0.29163171875 0.48799409615384615 0.3059283269230769 0.4753941971153846 0.3059283269230769 0.4483944134615384 0.3068814326923077 0.3943948461538461 0.3068814326923077 0.3529951754807692 0.3002096826923077 0.32419540625 0.2868661826923077 0.3223954206730769 0.27924132692307696 0.3331953341346154 0.2706633629807692 0.40699474278846154 0.26399161298076923 0.44119447115384614 0.26017918509615384 0.46099431249999995 0.2678040408653846 0.47899416826923075 0.27924132692307696 0.48259413942307694
7 0.3440526105769231 0.5149938798076923 0.3573961105769231 0.4951940384615385 0.3564430048076923 0.4753941971153846 0.3526305769230769 0.43579451442307693 0.3507243605769231 0.3871949014423077 0.34309950480769236 0.3601951177884616 0.3345215408653846 0.35119518990384613 0.32213114663461534 0.36379508894230767 0.3154593966346154 0.4033947740384616 0.3145062908653846 0.44479444230769233 0.3068814326923077 0.47899416826923075 0.3068814326923077 0.5005939951923077 0.32403736298076924 0.505993951923077 0.3440526105769231 0.5149938798076923
8 0.37931757451923076 0.5131938942307692 0.3859893245192308 0.4987940096153846 0.38503621875000005 0.46279429807692307 0.38503621875000005 0.41599467067307694 0.38503621875000005 0.36379508894230767 0.37645825480769235 0.3349953197115385 0.3669271826923077 0.34039527644230766 0.36502096875 0.37639498798076926 0.36502096875 0.40879473076923073 0.3573961105769231 0.46279429807692307 0.35358368269230767 0.49339405288461535 0.35358368269230767 0.5131938942307692 0.36502096875 0.5275937788461539 0.37931757451923076 0.5131938942307692
8 0.41172321875 0.5275937788461539 0.41744186057692306 0.505993951923077 0.41744186057692306 0.4753941971153846 0.4145825384615385 0.4375945 0.4098170024038461 0.37999495913461534 0.4021921466346154 0.37099503125 0.39170796874999997 0.4231946153846154 0.3869424326923077 0.46279429807692307 0.3831300048076923 0.5095939230769231 0.38503621875000005 0.5257937932692308 0.39361418269230775 0.5401936778846154 0.41172321875 0.5275937788461539
0 0.43364468269230766 0.5491936057692308 0.4431757524038461 0.5293937644230768 0.44698818269230767 0.4897940817307692 0.4450819663461539 0.4141946875 0.4431757524038461 0.35839513221153846 0.4365040024038462 0.3313953485576923 0.4288791466346154 0.3313953485576923 0.4222073966346154 0.36559507451923073 0.4222073966346154 0.4141946875 0.4155356466346154 0.48079415384615387 0.41267632451923075 0.5077939375 0.4155356466346154 0.5293937644230768 0.4222073966346154 0.5491936057692308 0.43364468269230766 0.5491936057692308
3 0.4746282884615385 0.4987940096153846 0.47367518028846156 0.4771941826923077 0.47844071634615387 0.39799481490384614 0.47367518028846156 0.37279501682692306 0.4660503245192308 0.37279501682692306 0.4574723605769231 0.3889948870192308 0.44984750240384613 0.4753941971153846 0.44603507451923075 0.5005939951923077 0.44603507451923075 0.5491936057692308 0.47272207451923076 0.552793576923077 0.4746282884615385 0.4987940096153846
1 0.5117994663461538 0.49339405288461535 0.5079870384615385 0.4735942115384616 0.5079870384615385 0.4231946153846154 0.4994090745192308 0.3691950456730769 0.48892489423076924 0.34399524759615385 0.48034693028846154 0.36199510336538465 0.48034693028846154 0.42139462740384614 0.47844071634615387 0.4897940817307692 0.4746282884615385 0.5185938509615384 0.47939382451923074 0.5653934759615384 0.510846358173077 0.5635934903846154 0.5117994663461538 0.49339405288461535
1 0.5451582163461539 0.47899416826923075 0.5394395721153846 0.3889948870192308 0.5318147163461538 0.34759521875000005 0.5232367524038462 0.3331953341346154 0.5137056802884615 0.3529951754807692 0.5127525745192307 0.40879473076923073 0.5098932524038461 0.4861941105769231 0.5117994663461538 0.5581935336538462 0.5413457884615385 0.5599935192307692 0.5451582163461539 0.5077939375 0.5451582163461539 0.47899416826923075
3 0.5689858942307692 0.4735942115384616 0.5604079302884615 0.3889948870192308 0.5499237524038462 0.3493952043269231 0.5394395721153846 0.36199510336538465 0.5422988942307693 0.4339945288461538 0.5461113221153846 0.48259413942307694 0.5461113221153846 0.5509935913461539 0.5737514302884615 0.5491936057692308 0.5737514302884615 0.4987940096153846 0.5689858942307692 0.4735942115384616
0 0.6061570721153846 0.5275937788461539 0.6004384302884616 0.48079415384615387 0.5994853221153846 0.41599467067307694 0.5956728942307692 0.3691950456730769 0.58995425 0.3367953052884615 0.5794700721153846 0.35839513221153846 0.5737514302884615 0.40699474278846154 0.5737514302884615 0.48079415384615387 0.5727983221153846 0.5149938798076923 0.577563858173077 0.5365937067307692 0.5947197860576924 0.5509935913461539 0.6061570721153846 0.5275937788461539
8 0.6242661081730769 0.5401936778846154 0.6347502860576923 0.5167938653846154 0.6290316442307693 0.4771941826923077 0.623313 0.41599467067307694 0.6214067860576923 0.35839513221153846 0.6099694999999999 0.3421952620192308 0.6042508581730769 0.3889948870192308 0.6013915360576922 0.45019439903846153 0.5956728942307692 0.49699402403846155 0.6052039639423077 0.5239938076923077 0.6118757139423077 0.5347937211538462 0.6242661081730769 0.5401936778846154
8 0.6614372860576924 0.5185938509615384 0.6652497139423077 0.4897940817307692 0.6528593221153846 0.4483944134615384 0.6499999999999999 0.39799481490384614 0.6499999999999999 0.3547951610576923 0.6395158221153847 0.3385952908653846 0.6328440721153845 0.36379508894230767 0.6280785360576923 0.3889948870192308 0.6309378581730769 0.4375945 0.6318909639423077 0.45739434134615387 0.6271254302884616 0.5005939951923077 0.6366565000000001 0.5203938365384615 0.6461875721153846 0.5257937932692308 0.6614372860576924 0.5185938509615384
7 0.6814525360576924 0.4987940096153846 0.6995615697115384 0.5095939230769231 0.7052802139423077 0.4915940673076923 0.6986084639423077 0.43939448557692307 0.6938429278846154 0.3925948581730769 0.6843118557692307 0.3565951466346154 0.6709683557692308 0.32599539182692305 0.6604841778846153 0.3601951177884616 0.65667175 0.43939448557692307 0.6576248557692307 0.4771941826923077 0.6633435 0.5041939663461539 0.6757338918269231 0.5131938942307692 0.6814525360576924 0.4987940096153846
7 0.7500762475961539 0.4753941971153846 0.7519824615384615 0.44299445673076926 0.7434044975961539 0.4141946875 0.7434044975961539 0.37279501682692306 0.7434044975961539 0.32419540625 0.7357796418269231 0.3097955216346154 0.729107891826923 0.35119518990384613 0.7262485697115384 0.3925948581730769 0.7176706057692308 0.36199510336538465 0.7176706057692308 0.3187954495192308 0.7129050697115384 0.3187954495192308 0.7043271057692307 0.3367953052884615 0.7043271057692307 0.37819497355769227 0.7043271057692307 0.4177946586538462 0.7052802139423077 0.4375945 0.7043271057692307 0.46819425480769233 0.7109988557692308 0.4951940384615385 0.7338734278846153 0.48259413942307694 0.7500762475961539 0.4753941971153846
7 0.789153641826923 0.42499460096153846 0.7777163557692308 0.38359493028846153 0.7634197475961538 0.3493952043269231 0.7519824615384615 0.3133954927884615 0.7443576057692307 0.30079559375 0.7405451778846154 0.31159550721153845 0.7405451778846154 0.35839513221153846 0.7472169278846154 0.40159478605769233 0.7462638197115384 0.43939448557692307 0.7596073197115385 0.46459428365384614 0.7767632475961539 0.44479444230769233 0.789153641826923 0.42499460096153846
7 0.7967784975961538 0.6139930889423076 0.7815287836538461 0.5869933052884615 0.7777163557692308 0.5617935048076923 0.7910598557692308 0.5815933485576923 0.8101219975961539 0.6013931899038462 0.8053564615384615 0.5635934903846154 0.7958253894230769 0.5185938509615384 0.7929660697115384 0.48259413942307694 0.7786694615384615 0.46099431249999995 0.7700914975961539 0.47179422596153847 0.7586542115384615 0.4861941105769231 0.7395920697115385 0.4897940817307692 0.7310141057692309 0.505993951923077 0.7367327475961538 0.5329937355769231 0.7481700336538462 0.5563935480769231 0.7605604278846154 0.595993233173077 0.7824818918269231 0.6175930600961539 0.7967784975961538 0.6139930889423076
7 0.7424513918269231 0.6733926129807692 0.7310141057692309 0.6517927860576923 0.7195768197115384 0.6283929735576923 0.7195768197115384 0.6013931899038462 0.7386389639423078 0.6409928725961538 0.7519824615384615 0.6697926418269231 0.7624666418269231 0.6625926995192307 0.7586542115384615 0.6499928004807691 0.7500762475961539 0.6085931322115384 0.7386389639423078 0.5797933605769231 0.7348265336538462 0.552793576923077 0.7329203197115385 0.5131938942307692 0.7186237139423077 0.5131938942307692 0.695749141826923 0.5185938509615384 0.6776401057692307 0.5329937355769231 0.6804994278846154 0.5617935048076923 0.6909836057692308 0.5833933317307692 0.7109988557692308 0.6499928004807691 0.7319672139423077 0.6823925408653846 0.7424513918269231 0.6733926129807692
7 0.6757338918269231 0.7255921947115385 0.6824056418269231 0.712992295673077 0.6709683557692308 0.6805925552884615 0.6604841778846153 0.6409928725961538 0.6642966057692308 0.6229930168269231 0.6728745697115385 0.6337929302884615 0.6890773918269232 0.66799265625 0.7043271057692307 0.6967924254807693 0.7109988557692308 0.6931924543269231 0.7043271057692307 0.6625926995192307 0.6928898197115385 0.6175930600961539 0.6843118557692307 0.5923932620192308 0.6852649639423076 0.5545935625 0.6747807860576922 0.5329937355769231 0.6528593221153846 0.5275937788461539 0.644281358173077 0.5419936634615385 0.6290316442307693 0.5455936346153846 0.6290316442307693 0.5797933605769231 0.6404689278846154 0.6139930889423076 0.6480937860576923 0.6481928149038462 0.6614372860576924 0.7021923822115385 0.6757338918269231 0.7255921947115385
8 0.6528593221153846 0.7381920937500001 0.6433282499999999 0.6823925408653846 0.6385627139423077 0.6283929735576923 0.6357033942307692 0.5941932451923078 0.6318909639423077 0.5617935048076923 0.6080632860576923 0.5545935625 0.6023446442307692 0.5815933485576923 0.6109226081730769 0.6103931177884616 0.6271254302884616 0.6859925120192307 0.6433282499999999 0.7363921081730769 0.6528593221153846 0.7381920937500001
8 0.6185474639423076 0.7453920360576922 0.6137819302884615 0.6859925120192307 0.6099694999999999 0.6373929014423076 0.6109226081730769 0.577993375 0.5870949302884616 0.5707934326923076 0.577563858173077 0.5923932620192308 0.584235608173077 0.6283929735576923 0.6004384302884616 0.7039923677884615 0.6137819302884615 0.7507919927884615 0.6185474639423076 0.7453920360576922
0 0.5909073581730769 0.7471920216346154 0.5880480360576923 0.6877924975961538 0.5813762860576923 0.6319929447115384 0.577563858173077 0.5815933485576923 0.5585017163461539 0.577993375 0.5499237524038462 0.5977932163461538 0.5565955024038461 0.642792858173077 0.5642203581730769 0.6823925408653846 0.5737514302884615 0.7291921658653846 0.5909073581730769 0.7471920216346154
3 0.5518299663461538 0.7381920937500001 0.5556423942307692 0.7183922524038462 0.5556423942307692 0.6877924975961538 0.5527830721153847 0.6337929302884615 0.5546892860576923 0.5869933052884615 0.5270491802884615 0.5887932884615384 0.5318147163461538 0.6301929591346155 0.5356271442307692 0.6661926706730769 0.5394395721153846 0.7183922524038462 0.5518299663461538 0.7381920937500001
1 0.5318147163461538 0.7273921802884615 0.5327678221153846 0.6859925120192307 0.5327678221153846 0.6319929447115384 0.5299085024038461 0.5815933485576923 0.5089401442307693 0.5833933317307692 0.5117994663461538 0.6319929447115384 0.5175181081730769 0.6805925552884615 0.524189858173077 0.739992079326923 0.5318147163461538 0.7273921802884615
1 0.510846358173077 0.7273921802884615 0.510846358173077 0.6787925697115385 0.5098932524038461 0.6301929591346155 0.5098932524038461 0.5833933317307692 0.48606557451923077 0.5833933317307692 0.4917842163461538 0.6337929302884615 0.49654975240384613 0.6877924975961538 0.5079870384615385 0.7273921802884615 0.510846358173077 0.7273921802884615
3 0.48606557451923077 0.7093923245192308 0.4908311105769231 0.6463928293269231 0.4908311105769231 0.5797933605769231 0.46700343028846153 0.5797933605769231 0.46700343028846153 0.6391928870192308 0.47272207451923076 0.7093923245192308 0.4832062524038462 0.7507919927884615 0.48606557451923077 0.7093923245192308
0 0.4279260384615385 0.7633918942307693 0.4412695384615385 0.7579919350961538 0.45080061057692306 0.7219922235576923 0.46414411057692306 0.6535927716346154 0.47176896634615384 0.6211930312499999 0.45651925240384617 0.5851933173076923 0.44222264663461536 0.5905932764423076 0.4365040024038462 0.6247930024038462 0.4326915745192308 0.6607927139423077 0.42506671875 0.7183922524038462 0.4279260384615385 0.7633918942307693
8 0.39552039663461536 0.7417920649038462 0.4060045745192308 0.7345921225961539 0.41744186057692306 0.7021923822115385 0.4279260384615385 0.6517927860576923 0.4403164326923077 0.6229930168269231 0.4412695384615385 0.595993233173077 0.42601982451923076 0.5743934038461538 0.4107701105769231 0.5743934038461538 0.40886389663461536 0.6103931177884616 0.4021921466346154 0.6733926129807692 0.39552039663461536 0.716592266826923 0.39552039663461536 0.7417920649038462
8 0.38122379086538466 0.7219922235576923 0.3898017548076923 0.689592483173077 0.4012390384615384 0.6301929591346155 0.4145825384615385 0.5887932884615384 0.4098170024038461 0.5689934471153847 0.3964735048076923 0.5563935480769231 0.37931757451923076 0.5617935048076923 0.37931757451923076 0.6013931899038462 0.3735989326923077 0.6877924975961538 0.3697865048076923 0.7345921225961539 0.38122379086538466 0.7219922235576923
7 0.31164696875 0.7057923533653846 0.32213114663461534 0.6823925408653846 0.3354746466346154 0.642792858173077 0.3469119326923077 0.6175930600961539 0.3469119326923077 0.6553927572115386 0.3364277548076923 0.7003923966346155 0.3402401826923077 0.7237922091346154 0.3488181466346154 0.7003923966346155 0.3612085408653846 0.66799265625 0.3669271826923077 0.619393045673077 0.3831300048076923 0.5887932884615384 0.3907548605769231 0.5617935048076923 0.38503621875000005 0.5383936923076923 0.36406786057692303 0.5419936634615385 0.35548989663461533 0.5275937788461539 0.3345215408653846 0.5401936778846154 0.3259435769230769 0.5869933052884615 0.3154593966346154 0.6355929158653846 0.30306900480769233 0.7003923966346155 0.31164696875 0.7057923533653846
7 0.2620853990384615 0.6625926995192307 0.27161646875 0.6463928293269231 0.2840068629807692 0.6121931033653847 0.2954441490384615 0.5923932620192308 0.2973503629807692 0.6139930889423076 0.27924132692307696 0.6481928149038462 0.27352268509615385 0.6805925552884615 0.28591307692307694 0.6805925552884615 0.3011627908653846 0.6409928725961538 0.31927182692307693 0.5923932620192308 0.33070911298076927 0.5653934759615384 0.3335684326923077 0.5347937211538462 0.3202249326923077 0.5239938076923077 0.3126000769230769 0.5275937788461539 0.3040221129807692 0.5167938653846154 0.2868661826923077 0.505993951923077 0.27828821875 0.5239938076923077 0.2744757908653846 0.5581935336538462 0.2630385048076923 0.6139930889423076 0.2535074350961538 0.6553927572115386 0.2620853990384615 0.6625926995192307
7 0.22205489903846154 0.5995932043269231 0.2306328629807692 0.577993375 0.2411170408653846 0.5599935192307692 0.2430232548076923 0.576193389423077 0.23444529086538463 0.5977932163461538 0.22205489903846154 0.6283929735576923 0.22872664903846152 0.6337929302884615 0.24874189903846153 0.6103931177884616 0.26113229086538464 0.5707934326923076 0.27352268509615385 0.5401936778846154 0.27924132692307696 0.5095939230769231 0.2697102548076923 0.4897940817307692 0.2592260769230769 0.4951940384615385 0.25160122115384614 0.4753941971153846 0.23349218509615385 0.46819425480769233 0.22586732692307693 0.4915940673076923 0.22491422115384616 0.5293937644230768 0.21061761298076925 0.5923932620192308 0.21061761298076925 0.6175930600961539 0.22205489903846154 0.5995932043269231
6 0.26875714903846154 0.48259413942307694 0.32880289663461537 0.5113939086538462 0.4155356466346154 0.5563935480769231 0.4936904302884615 0.5671934615384615 0.5785169663461539 0.5599935192307692 0.6576248557692307 0.5293937644230768 0.7357796418269231 0.4897940817307692 0.7920129615384616 0.42859457211538465 0.7996378197115385 0.37099503125 0.7986847115384615 0.3223954206730769 0.7796225697115384 0.27919576682692304 0.709092641826923 0.2917956658653846 0.6261723221153846 0.31159550721153845 0.5699390024038462 0.32419540625 0.5117994663461538 0.3097955216346154 0.4603316802884615 0.32959536298076925 0.3087876466346154 0.3097955216346154 0.24874189903846153 0.2755957956730769 0.21728936298076923 0.3277953774038461 0.21633625721153849 0.3745950024038462 0.22110179086538462 0.43579451442307693 0.26875714903846154 0.48259413942307694
5 0.09529165144230768 0.15319677403846155 0.08576057932692308 0.1729966153846154 0.08766679326923077 0.2251961971153846 0.10482272115384615 0.2863957091346154 0.12293175721153847 0.4321945432692308 0.12579107932692307 0.5941932451923078 0.16582157932692307 0.6769925841346154 0.2658978269230769 0.7957916346153847 0.3726458245192308 0.8947908413461538 0.4994090745192308 0.923590610576923 0.6147350360576923 0.9091907259615385 0.7138581778846155 0.8299913605769231 0.7967784975961538 0.7453920360576922 0.8549180336538461 0.6859925120192307 0.8997140673076923 0.6211930312499999 0.9178231033653846 0.5473936201923076 0.9159168894230769 0.4861941105769231 0.92163553125 0.3601951177884616 0.9330728173076923 0.26659586778846156 0.9454632091346155 0.2251961971153846 0.9559473894230769 0.1873965 0.954041173076923 0.15139678846153848 0.935932139423077 0.12799697596153845 0.9130575673076924 0.140596875 0.8968547451923077 0.19999639903846156 0.8796988173076923 0.2485960120192308 0.8415745336538462 0.26659586778846156 0.8225123894230768 0.25939592548076923 0.8129813197115384 0.22879617067307695 0.7872474254807693 0.20719634134615386 0.7662790697115385 0.23239614182692309 0.7643728557692308 0.26479588221153844 0.7796225697115384 0.30619555048076924 0.7967784975961538 0.34399524759615385 0.802497139423077 0.3745950024038462 0.8034502475961538 0.4123946995192308 0.7901067475961538 0.44479444230769233 0.7205299278846155 0.5023939807692307 0.6290316442307693 0.5545935625 0.5232367524038462 0.572593420673077 0.4145825384615385 0.5599935192307692 0.3068814326923077 0.5077939375 0.22967975721153847 0.45019439903846153 0.21824247115384615 0.4141946875 0.22110179086538462 0.37099503125 0.22967975721153847 0.34399524759615385 0.24588257692307694 0.3187954495192308 0.2630385048076923 0.2845957235576923 0.26494471875000003 0.24139606971153846 0.25541364903846153 0.2107963125 0.2325390769230769 0.21259630048076922 0.21728936298076923 0.2377960985576923 0.19441479326923078 0.27739578125000003 0.17535264903846154 0.28279573798076924 0.14866564903846152 0.2557959543269231 0.14008768509615385 0.22879617067307695 0.13341593509615385 0.18559651442307692 0.1153069014423077 0.15139678846153848 0.09529165144230768 0.15319677403846155