7 0.24588257692307694 0.5113939086538462 0.26017918509615384 0.4987940096153846 0.26017918509615384 0.46819425480769233 0.2630385048076923 0.4195946442307692 0.2630385048076923 0.36379508894230767 0.25541364903846153 0.3529951754807692 0.24397636298076925 0.3547951610576923 0.23730461298076921 0.42859457211538465 0.22491422115384616 0.46459428365384614 0.22491422115384616 0.4861941105769231 0.23444529086538463 0.49699402403846155 0.24588257692307694 0.5113939086538462
7 0.29449104086538463 0.5239938076923077 0.30497521875 0.5131938942307692 0.30497521875 0.4861941105769231 0.3040221129807692 0.4321945432692308 0.30211589903846153 0.37999495913461534 0.2925848269230769 0.3457952331730769 0.2811475408653846 0.3421952620192308 0.27542889903846157 0.3547951610576923 0.27542889903846157 0.4033947740384616 0.2697102548076923 0.4465944278846154 0.26113229086538464 0.4897940817307692 0.26494471875000003 0.5077939375 0.27924132692307696 0.5203938365384615 0.29449104086538463 0.5239938076923077
7 0.32403736298076924 0.53119375 0.33928707692307697 0.5401936778846154 0.3507243605769231 0.53119375 0.3507243605769231 0.49339405288461535 0.3478650408653846 0.45019439903846153 0.3526305769230769 0.4231946153846154 0.3469119326923077 0.39799481490384614 0.3402401826923077 0.38179494471153846 0.3364277548076923 0.42499460096153846 0.3354746466346154 0.43939448557692307 0.3278497908653846 0.3943948461538461 0.3259435769230769 0.36379508894230767 0.31927182692307693 0.3745950024038462 0.31831871875 0.3997948028846154 0.31831871875 0.42859457211538465 0.31164696875 0.46819425480769233 0.3011627908653846 0.5023939807692307 0.3040221129807692 0.5221938221153846 0.3154593966346154 0.5329937355769231 0.32403736298076924 0.53119375
8 0.3821768966346154 0.5293937644230768 0.3859893245192308 0.5131938942307692 0.38408311057692307 0.47899416826923075 0.3831300048076923 0.44119447115384614 0.37931757451923076 0.39619482932692307 0.3697865048076923 0.36379508894230767 0.3612085408653846 0.38359493028846153 0.3612085408653846 0.41059471634615385 0.35358368269230767 0.4771941826923077 0.3507243605769231 0.5113939086538462 0.3564430048076923 0.5365937067307692 0.3688333966346154 0.5365937067307692 0.3821768966346154 0.5293937644230768
8 0.3993328245192308 0.5491936057692308 0.4098170024038461 0.5401936778846154 0.41267632451923075 0.4987940096153846 0.4136294326923077 0.42139462740384614 0.40791078846153844 0.37279501682692306 0.39837971875 0.3529951754807692 0.3898017548076923 0.3925948581730769 0.3859893245192308 0.4321945432692308 0.3831300048076923 0.46279429807692307 0.3821768966346154 0.48079415384615387 0.37931757451923076 0.5167938653846154 0.38122379086538466 0.5473936201923076 0.3907548605769231 0.552793576923077 0.3993328245192308 0.5491936057692308
0 0.4403164326923077 0.5365937067307692 0.4412695384615385 0.47899416826923075 0.43745711057692305 0.4123946995192308 0.43459778846153846 0.36559507451923073 0.4231605024038462 0.3331953341346154 0.4145825384615385 0.34039527644230766 0.4107701105769231 0.36559507451923073 0.4107701105769231 0.4375945 0.4098170024038461 0.484394125 0.4107701105769231 0.5509935913461539 0.43173846634615387 0.5635934903846154 0.4403164326923077 0.5365937067307692
3 0.4698627524038462 0.4321945432692308 0.46890964663461543 0.3925948581730769 0.4612847884615385 0.3871949014423077 0.45556614663461537 0.39799481490384614 0.44794128846153847 0.4375945 0.4431757524038461 0.49339405288461535 0.4431757524038461 0.5563935480769231 0.47367518028846156 0.5563935480769231 0.4698627524038462 0.4897940817307692 0.4698627524038462 0.4321945432692308
1 0.49464353846153847 0.4123946995192308 0.48797178846153844 0.36739506009615386 0.47844071634615387 0.36739506009615386 0.47272207451923076 0.4195946442307692 0.47272207451923076 0.4771941826923077 0.4746282884615385 0.5617935048076923 0.5022683942307692 0.5653934759615384 0.5013152884615384 0.5167938653846154 0.4994090745192308 0.48079415384615387 0.49464353846153847 0.4123946995192308
1 0.5356271442307692 0.40159478605769233 0.5270491802884615 0.3691950456730769 0.5184712163461538 0.36559507451923073 0.5137056802884615 0.3889948870192308 0.5089401442307693 0.4555943557692308 0.5051277163461538 0.5041939663461539 0.5032215024038462 0.5653934759615384 0.5356271442307692 0.5617935048076923 0.5365802524038462 0.5167938653846154 0.5346740384615385 0.46819425480769233 0.5356271442307692 0.40159478605769233
3 0.5518299663461538 0.39079487500000004 0.544205108173077 0.37999495913461534 0.5384864663461538 0.39619482932692307 0.5375333581730769 0.4555943557692308 0.5384864663461538 0.49339405288461535 0.5375333581730769 0.5581935336538462 0.5632672524038461 0.5545935625 0.5623141442307692 0.4861941105769231 0.5575486081730769 0.42679458653846153 0.5518299663461538 0.39079487500000004
0 0.596626 0.4231946153846154 0.5947197860576924 0.35839513221153846 0.5861418221153847 0.3223954206730769 0.5804231802884615 0.3421952620192308 0.5756576442307693 0.37639498798076926 0.5680327860576923 0.44299445673076926 0.5651734663461538 0.49699402403846155 0.5718452163461538 0.5455936346153846 0.5861418221153847 0.5635934903846154 0.596626 0.5293937644230768 0.596626 0.47899416826923075 0.596626 0.4231946153846154
8 0.6261723221153846 0.4915940673076923 0.6204536802884615 0.4177946586538462 0.6156881442307692 0.3601951177884616 0.6061570721153846 0.3547951610576923 0.6013915360576922 0.37819497355769227 0.5994853221153846 0.4321945432692308 0.596626 0.4861941105769231 0.5937666802884615 0.5365937067307692 0.6071101802884615 0.5365937067307692 0.6223598942307693 0.5455936346153846 0.6280785360576923 0.5185938509615384 0.6261723221153846 0.4915940673076923
8 0.6490468942307692 0.4753941971153846 0.644281358173077 0.41599467067307694 0.6357033942307692 0.36739506009615386 0.6318909639423077 0.36739506009615386 0.6252192139423076 0.42679458653846153 0.6252192139423076 0.48259413942307694 0.6242661081730769 0.5203938365384615 0.6385627139423077 0.5383936923076923 0.6547655360576923 0.5203938365384615 0.6490468942307692 0.4753941971153846
7 0.6785932139423078 0.5293937644230768 0.6938429278846154 0.5347937211538462 0.7005146778846154 0.4987940096153846 0.6919367139423076 0.46099431249999995 0.6909836057692308 0.42499460096153846 0.6909836057692308 0.37819497355769227 0.68335875 0.3565951466346154 0.676687 0.35839513221153846 0.6824056418269231 0.41599467067307694 0.6795463197115384 0.4303945576923077 0.6728745697115385 0.3493952043269231 0.6633435 0.3493952043269231 0.65667175 0.37279501682692306 0.65667175 0.40699474278846154 0.65667175 0.45919432692307693 0.6528593221153846 0.4987940096153846 0.6547655360576923 0.5275937788461539 0.6662028221153846 0.5383936923076923 0.6785932139423078 0.5293937644230768
7 0.7252954639423077 0.5239938076923077 0.7357796418269231 0.5077939375 0.7414982836538461 0.49339405288461535 0.7386389639423078 0.45739434134615387 0.7310141057692309 0.42499460096153846 0.7310141057692309 0.3853949182692308 0.7243423557692308 0.35119518990384613 0.7205299278846155 0.35839513221153846 0.7205299278846155 0.40159478605769233 0.7176706057692308 0.42859457211538465 0.7109988557692308 0.40879473076923073 0.7129050697115384 0.37639498798076926 0.7157643918269231 0.3493952043269231 0.7081395336538462 0.3493952043269231 0.7014677836538462 0.36379508894230767 0.6976553557692308 0.40699474278846154 0.7005146778846154 0.4375945 0.695749141826923 0.47179422596153847 0.6986084639423077 0.5149938798076923 0.709092641826923 0.5239938076923077 0.7252954639423077 0.5239938076923077
7 0.7767632475961539 0.47179422596153847 0.7719977115384615 0.4321945432692308 0.7662790697115385 0.3853949182692308 0.7624666418269231 0.34399524759615385 0.7462638197115384 0.34399524759615385 0.7386389639423078 0.35839513221153846 0.7414982836538461 0.44299445673076926 0.7414982836538461 0.48259413942307694 0.7472169278846154 0.505993951923077 0.7681852836538462 0.49339405288461535 0.7767632475961539 0.47179422596153847
7 0.7853412115384616 0.6985924110576923 0.7862943197115384 0.6841925264423078 0.7710446057692307 0.6553927572115386 0.7672321778846154 0.6301929591346155 0.7853412115384616 0.6481928149038462 0.7996378197115385 0.6751925985576922 0.8044033557692308 0.6535927716346154 0.7958253894230769 0.6301929591346155 0.7862943197115384 0.5869933052884615 0.7796225697115384 0.5419936634615385 0.7634197475961538 0.5185938509615384 0.7491231418269231 0.5419936634615385 0.7272016778846153 0.552793576923077 0.7310141057692309 0.5905932764423076 0.7424513918269231 0.6175930600961539 0.7510293557692307 0.6481928149038462 0.7634197475961538 0.6805925552884615 0.7853412115384616 0.6985924110576923
7 0.7300609975961538 0.7435920504807693 0.7224361418269231 0.716592266826923 0.7157643918269231 0.6805925552884615 0.7176706057692308 0.6517927860576923 0.7281547836538462 0.6697926418269231 0.7405451778846154 0.7183922524038462 0.7519824615384615 0.7309921514423077 0.7510293557692307 0.7003923966346155 0.7376858557692307 0.6535927716346154 0.7329203197115385 0.6175930600961539 0.7300609975961538 0.572593420673077 0.7157643918269231 0.5635934903846154 0.7071864278846154 0.576193389423077 0.6928898197115385 0.5653934759615384 0.6824056418269231 0.5833933317307692 0.6824056418269231 0.6049931610576923 0.6900305 0.6337929302884615 0.6976553557692308 0.6517927860576923 0.7081395336538462 0.7219922235576923 0.7300609975961538 0.7561919495192307 0.7300609975961538 0.7435920504807693
7 0.662390391826923 0.7273921802884615 0.6604841778846153 0.6913924687499999 0.662390391826923 0.6733926129807692 0.6690621418269231 0.6733926129807692 0.676687 0.7021923822115385 0.6881242860576923 0.739992079326923 0.695749141826923 0.7489920072115385 0.6938429278846154 0.7255921947115385 0.6890773918269232 0.6841925264423078 0.6785932139423078 0.6499928004807691 0.6785932139423078 0.6265929879807692 0.6804994278846154 0.5869933052884615 0.6652497139423077 0.5743934038461538 0.6557186418269231 0.5851933173076923 0.6376096081730769 0.576193389423077 0.6318909639423077 0.5869933052884615 0.6337971778846154 0.619393045673077 0.6404689278846154 0.6517927860576923 0.6538124278846154 0.7327921370192307 0.6642966057692308 0.759791920673077 0.662390391826923 0.7273921802884615
8 0.6395158221153847 0.7723918221153846 0.6337971778846154 0.7021923822115385 0.6347502860576923 0.6463928293269231 0.6376096081730769 0.5995932043269231 0.6299847500000001 0.5887932884615384 0.617594358173077 0.5941932451923078 0.6147350360576923 0.5869933052884615 0.6042508581730769 0.5851933173076923 0.6042508581730769 0.6121931033653847 0.6090163942307693 0.6391928870192308 0.6118757139423077 0.6607927139423077 0.623313 0.7471920216346154 0.6357033942307692 0.7867917067307691 0.6395158221153847 0.7723918221153846
8 0.6052039639423077 0.7723918221153846 0.6052039639423077 0.6931924543269231 0.6061570721153846 0.6499928004807691 0.6061570721153846 0.5995932043269231 0.5880480360576923 0.5977932163461538 0.5756576442307693 0.619393045673077 0.5813762860576923 0.6571927427884615 0.5890011442307692 0.7273921802884615 0.5985322163461538 0.7723918221153846 0.6052039639423077 0.7723918221153846
0 0.5747045360576923 0.7903916778846154 0.5747045360576923 0.7381920937500001 0.5737514302884615 0.6661926706730769 0.5785169663461539 0.5995932043269231 0.5461113221153846 0.5869933052884615 0.5461113221153846 0.642792858173077 0.5575486081730769 0.7561919495192307 0.5651734663461538 0.7993916033653845 0.5747045360576923 0.7903916778846154
3 0.5451582163461539 0.7057923533653846 0.5432520024038461 0.6571927427884615 0.5461113221153846 0.5905932764423076 0.5194243245192308 0.5833933317307692 0.5222836442307692 0.642792858173077 0.5318147163461538 0.71479228125 0.5413457884615385 0.7525919783653846 0.5451582163461539 0.7057923533653846
1 0.5222836442307692 0.716592266826923 0.5213305384615384 0.6499928004807691 0.5203774302884615 0.5869933052884615 0.5003621802884616 0.5905932764423076 0.5051277163461538 0.6481928149038462 0.5098932524038461 0.71479228125 0.5194243245192308 0.7489920072115385 0.5222836442307692 0.716592266826923
1 0.5013152884615384 0.7057923533653846 0.5013152884615384 0.64459284375 0.5013152884615384 0.5923932620192308 0.48034693028846154 0.5923932620192308 0.48606557451923077 0.6373929014423076 0.48892489423076924 0.689592483173077 0.4994090745192308 0.7471920216346154 0.5013152884615384 0.7057923533653846
3 0.4851124663461538 0.7273921802884615 0.4851124663461538 0.6481928149038462 0.4813000384615385 0.5869933052884615 0.45461303846153844 0.5923932620192308 0.46319100240384614 0.6499928004807691 0.4708158605769231 0.7021923822115385 0.4851124663461538 0.7489920072115385 0.4851124663461538 0.7273921802884615
0 0.43745711057692305 0.8029915769230769 0.45080061057692306 0.7723918221153846 0.4574723605769231 0.712992295673077 0.46319100240384614 0.6499928004807691 0.46319100240384614 0.5995932043269231 0.4412695384615385 0.577993375 0.4279260384615385 0.5869933052884615 0.42697293269230774 0.6067931466346154 0.4279260384615385 0.6481928149038462 0.43364468269230766 0.7057923533653846 0.4288791466346154 0.7813917499999999 0.43745711057692305 0.8029915769230769
8 0.40791078846153844 0.78499171875 0.41744186057692306 0.7687918509615385 0.42125428846153845 0.7219922235576923 0.42506671875 0.6607927139423077 0.42983225240384615 0.6031931730769231 0.41648875240384614 0.5977932163461538 0.4021921466346154 0.595993233173077 0.39552039663461536 0.6049931610576923 0.39552039663461536 0.6175930600961539 0.4021921466346154 0.6589927283653847 0.40505146875 0.7039923677884615 0.4060045745192308 0.759791920673077 0.40791078846153844 0.78499171875
8 0.36406786057692303 0.8047915625000001 0.3678802908653846 0.7921916634615385 0.37931757451923076 0.7507919927884615 0.3907548605769231 0.7021923822115385 0.39552039663461536 0.642792858173077 0.3993328245192308 0.6031931730769231 0.3945672884615385 0.5923932620192308 0.37645825480769235 0.5905932764423076 0.36406786057692303 0.5941932451923078 0.36502096875 0.6139930889423076 0.36597407451923075 0.6499928004807691 0.3678802908653846 0.6841925264423078 0.36406786057692303 0.7561919495192307 0.36406786057692303 0.8047915625000001
7 0.3078345408653846 0.7381920937500001 0.3230842548076923 0.6985924110576923 0.33261532692307694 0.6733926129807692 0.33738086057692307 0.6805925552884615 0.33738086057692307 0.7237922091346154 0.32880289663461537 0.7759917908653846 0.34119329086538464 0.759791920673077 0.35358368269230767 0.7111923100961538 0.3564430048076923 0.6643926850961539 0.3678802908653846 0.6355929158653846 0.37455204086538463 0.5995932043269231 0.3631147548076923 0.5887932884615384 0.3440526105769231 0.5887932884615384 0.33833396875 0.576193389423077 0.3211780408653846 0.5815933485576923 0.3164125048076923 0.6283929735576923 0.3164125048076923 0.6535927716346154 0.29925657692307694 0.7327921370192307 0.3011627908653846 0.7507919927884615 0.3078345408653846 0.7381920937500001
7 0.25160122115384614 0.71479228125 0.26875714903846154 0.6805925552884615 0.2801944350961538 0.6553927572115386 0.2840068629807692 0.6643926850961539 0.2811475408653846 0.6931924543269231 0.2668509350961539 0.7471920216346154 0.27256957692307693 0.7507919927884615 0.2878192908653846 0.7111923100961538 0.3011627908653846 0.6589927283653847 0.3164125048076923 0.6337929302884615 0.3211780408653846 0.5923932620192308 0.31164696875 0.5815933485576923 0.2963972548076923 0.572593420673077 0.27924132692307696 0.5617935048076923 0.2697102548076923 0.577993375 0.26494471875000003 0.6229930168269231 0.2411170408653846 0.7003923966346155 0.24492947115384614 0.7273921802884615 0.25160122115384614 0.71479228125
7 0.20775829326923076 0.6805925552884615 0.21538314903846154 0.6499928004807691 0.22872664903846152 0.6409928725961538 0.22682043509615385 0.6607927139423077 0.22110179086538462 0.7003923966346155 0.2392108269230769 0.6913924687499999 0.24683568509615383 0.6589927283653847 0.26017918509615384 0.6229930168269231 0.27256957692307693 0.576193389423077 0.2620853990384615 0.5437936490384615 0.24588257692307694 0.5437936490384615 0.23444529086538463 0.5329937355769231 0.21824247115384615 0.5509935913461539 0.21538314903846154 0.5941932451923078 0.19822722115384617 0.6553927572115386 0.20585207692307692 0.6823925408653846 0.20775829326923076 0.6805925552884615
6 0.2668509350961539 0.5275937788461539 0.38122379086538466 0.5653934759615384 0.4851124663461538 0.572593420673077 0.6071101802884615 0.5689934471153847 0.702420891826923 0.5383936923076923 0.7557948918269232 0.5167938653846154 0.7853412115384616 0.4897940817307692 0.7948722836538462 0.42859457211538465 0.7929660697115384 0.3691950456730769 0.7729508197115386 0.3187954495192308 0.6452344639423077 0.3349953197115385 0.5832825 0.3025955793269231 0.5089401442307693 0.3457952331730769 0.4222073966346154 0.31519547836538464 0.3345215408653846 0.3529951754807692 0.22682043509615385 0.3097955216346154 0.20489897115384614 0.34399524759615385 0.20203964903846156 0.3925948581730769 0.20299275721153845 0.4483944134615384 0.21157072115384615 0.49699402403846155 0.2668509350961539 0.5275937788461539
5 0.06193290144230769 0.21799625721153845 0.04858940144230769 0.2449960408653846 0.053354937500000005 0.28099575240384617 0.07051086538461539 0.37999495913461534 0.07622950721153846 0.5113939086538462 0.06955775721153847 0.6931924543269231 0.08290125721153846 0.8173914615384615 0.11911932932692307 0.8695910432692308 0.18488372115384613 0.8605911153846153 0.2477887908653846 0.8947908413461538 0.3211780408653846 0.9397904807692308 0.45080061057692306 0.9613903076923077 0.5909073581730769 0.9541903653846154 0.695749141826923 0.9325905384615385 0.7624666418269231 0.8785909711538462 0.8349027836538461 0.8371913028846154 0.8711208533653847 0.8461912307692308 0.9035264951923078 0.8047915625000001 0.9311666033653846 0.7039923677884615 0.9311666033653846 0.6463928293269231 0.9197293173076923 0.5473936201923076 0.9283072812500001 0.41599467067307694 0.94165078125 0.3187954495192308 0.954041173076923 0.22699618509615385 0.9330728173076923 0.19279645673076923 0.902573389423077 0.19819641346153846 0.89494853125 0.2251961971153846 0.89494853125 0.27739578125000003 0.8863705673076924 0.3133954927884615 0.8596835673076922 0.3367953052884615 0.8253717115384614 0.32959536298076925 0.7967784975961538 0.28099575240384617 0.7729508197115386 0.24319605528846155 0.7491231418269231 0.2611959110576923 0.7434044975961539 0.30439556490384617 0.7643728557692308 0.3421952620192308 0.7834349975961538 0.3691950456730769 0.8015440336538462 0.4339945288461538 0.7967784975961538 0.4735942115384616 0.7872474254807693 0.5185938509615384 0.7395920697115385 0.5419936634615385 0.5451582163461539 0.5869933052884615 0.3345215408653846 0.5689934471153847 0.21347693509615384 0.5239938076923077 0.20299275721153845 0.484394125 0.20394586298076925 0.42139462740384614 0.21443004086538459 0.36739506009615386 0.2392108269230769 0.34039527644230766 0.2496950048076923 0.3025955793269231 0.2477887908653846 0.27739578125000003 0.23444529086538463 0.2557959543269231 0.21061761298076925 0.26479588221153844 0.19727411298076922 0.28819569471153844 0.18011818509615385 0.32959536298076925 0.15724361538461537 0.3547951610576923 0.13055661538461538 0.3565951466346154 0.10958825721153846 0.32599539182692305 0.10482272115384615 0.28999568028846157 0.10101029326923078 0.24319605528846155 0.08099504326923078 0.21619626923076923 0.06193290144230769 0.21799625721153845