7 0.27733511298076924 0.5095939230769231 0.29067861298076925 0.505993951923077 0.3011627908653846 0.48079415384615387 0.3059283269230769 0.44299445673076926 0.31164696875 0.40879473076923073 0.31164696875 0.3871949014423077 0.3011627908653846 0.3853949182692308 0.2887723990384615 0.41059471634615385 0.27924132692307696 0.4339945288461538 0.26875714903846154 0.44119447115384614 0.2620853990384615 0.46819425480769233 0.27161646875 0.48079415384615387 0.27733511298076924 0.5095939230769231
7 0.31831871875 0.572593420673077 0.3259435769230769 0.5653934759615384 0.3297560048076923 0.5239938076923077 0.33070911298076927 0.4753941971153846 0.33166221875 0.42859457211538465 0.3278497908653846 0.39799481490384614 0.3211780408653846 0.39799481490384614 0.3087876466346154 0.4555943557692308 0.29925657692307694 0.49699402403846155 0.29163171875 0.5149938798076923 0.29163171875 0.552793576923077 0.3059283269230769 0.5581935336538462 0.31831871875 0.572593420673077
7 0.3669271826923077 0.5743934038461538 0.37931757451923076 0.5563935480769231 0.3697865048076923 0.5131938942307692 0.3678802908653846 0.4861941105769231 0.3602554326923077 0.42679458653846153 0.3421463966346154 0.40699474278846154 0.3507243605769231 0.4465944278846154 0.35358368269230767 0.4753941971153846 0.3459588269230769 0.4663942692307692 0.3364277548076923 0.4177946586538462 0.33166221875 0.42499460096153846 0.33070911298076927 0.46099431249999995 0.3335684326923077 0.505993951923077 0.3278497908653846 0.5509935913461539 0.3335684326923077 0.576193389423077 0.3478650408653846 0.5671934615384615 0.3669271826923077 0.5743934038461538
8 0.39552039663461536 0.5653934759615384 0.40505146875 0.5653934759615384 0.40791078846153844 0.5401936778846154 0.4021921466346154 0.5077939375 0.39170796874999997 0.4483944134615384 0.38122379086538466 0.40699474278846154 0.37550514663461537 0.40699474278846154 0.3697865048076923 0.42499460096153846 0.37550514663461537 0.5077939375 0.3735989326923077 0.5419936634615385 0.37836446875 0.5635934903846154 0.3859893245192308 0.5707934326923076 0.39552039663461536 0.5653934759615384
8 0.4365040024038462 0.5563935480769231 0.4403164326923077 0.5203938365384615 0.43364468269230766 0.48799409615384615 0.4203011826923077 0.42859457211538465 0.4060045745192308 0.40699474278846154 0.3993328245192308 0.42139462740384614 0.4031452548076923 0.5023939807692307 0.40028593269230767 0.5401936778846154 0.4155356466346154 0.5797933605769231 0.4222073966346154 0.5635934903846154 0.4365040024038462 0.5563935480769231
0 0.45461303846153844 0.5401936778846154 0.45842546634615383 0.4951940384615385 0.4536599326923077 0.44119447115384614 0.4441288605769231 0.39799481490384614 0.4326915745192308 0.37639498798076926 0.42697293269230774 0.39799481490384614 0.42697293269230774 0.43579451442307693 0.42983225240384615 0.48079415384615387 0.4288791466346154 0.5257937932692308 0.43459778846153846 0.5653934759615384 0.4450819663461539 0.5707934326923076 0.45461303846153844 0.5401936778846154
3 0.47939382451923074 0.5167938653846154 0.47844071634615387 0.4897940817307692 0.4774876105769231 0.4177946586538462 0.4746282884615385 0.38179494471153846 0.46700343028846153 0.37999495913461534 0.46319100240384614 0.43579451442307693 0.45651925240384617 0.49699402403846155 0.4536599326923077 0.5437936490384615 0.45556614663461537 0.5599935192307692 0.47939382451923074 0.5581935336538462 0.47939382451923074 0.5167938653846154
1 0.5089401442307693 0.47899416826923075 0.5022683942307692 0.4195946442307692 0.4936904302884615 0.38179494471153846 0.4851124663461538 0.3745950024038462 0.48415936057692305 0.39619482932692307 0.4832062524038462 0.49699402403846155 0.4813000384615385 0.5617935048076923 0.5098932524038461 0.5617935048076923 0.5117994663461538 0.5167938653846154 0.5089401442307693 0.47899416826923075
1 0.5403926802884615 0.47899416826923075 0.5384864663461538 0.4195946442307692 0.5327678221153846 0.39079487500000004 0.5251429663461539 0.3745950024038462 0.5203774302884615 0.4033947740384616 0.5165650024038462 0.46279429807692307 0.5137056802884615 0.5167938653846154 0.5127525745192307 0.5545935625 0.5394395721153846 0.5581935336538462 0.5403926802884615 0.5131938942307692 0.5403926802884615 0.47899416826923075
3 0.5632672524038461 0.4141946875 0.5537361802884615 0.3871949014423077 0.5461113221153846 0.40519475961538465 0.5422988942307693 0.5041939663461539 0.5394395721153846 0.552793576923077 0.5661265721153846 0.5563935480769231 0.5651734663461538 0.4987940096153846 0.5632672524038461 0.4141946875
0 0.5909073581730769 0.48079415384615387 0.5890011442307692 0.40699474278846154 0.5861418221153847 0.37819497355769227 0.577563858173077 0.37819497355769227 0.5727983221153846 0.42859457211538465 0.5680327860576923 0.4861941105769231 0.5623141442307692 0.5293937644230768 0.5766107524038462 0.5689934471153847 0.5937666802884615 0.5473936201923076 0.5909073581730769 0.48079415384615387
8 0.6071101802884615 0.576193389423077 0.6195005721153847 0.5545935625 0.6195005721153847 0.5095939230769231 0.61664125 0.44479444230769233 0.6156881442307692 0.3889948870192308 0.6090163942307693 0.3691950456730769 0.596626 0.40159478605769233 0.5947197860576924 0.4735942115384616 0.584235608173077 0.5293937644230768 0.58995425 0.5653934759615384 0.596626 0.5653934759615384 0.6071101802884615 0.576193389423077
8 0.6452344639423077 0.5635934903846154 0.6414220360576923 0.505993951923077 0.6414220360576923 0.44479444230769233 0.6395158221153847 0.40159478605769233 0.6280785360576923 0.40159478605769233 0.6204536802884615 0.4987940096153846 0.6118757139423077 0.5455936346153846 0.6147350360576923 0.5635934903846154 0.6318909639423077 0.5743934038461538 0.6452344639423077 0.5635934903846154
7 0.6747807860576922 0.5689934471153847 0.6852649639423076 0.5509935913461539 0.676687 0.5005939951923077 0.6843118557692307 0.4483944134615384 0.6843118557692307 0.4141946875 0.6671559278846153 0.48259413942307694 0.6633435 0.4735942115384616 0.6719214639423078 0.4231946153846154 0.67001525 0.40159478605769233 0.6547655360576923 0.44119447115384614 0.6452344639423077 0.5041939663461539 0.6395158221153847 0.5545935625 0.644281358173077 0.572593420673077 0.6652497139423077 0.5653934759615384 0.6747807860576922 0.5689934471153847
7 0.7071864278846154 0.5509935913461539 0.7195768197115384 0.552793576923077 0.7243423557692308 0.5347937211538462 0.7062333197115385 0.4951940384615385 0.7005146778846154 0.46099431249999995 0.6995615697115384 0.4123946995192308 0.6909836057692308 0.40519475961538465 0.6804994278846154 0.43939448557692307 0.6804994278846154 0.5131938942307692 0.6824056418269231 0.5545935625 0.6938429278846154 0.5743934038461538 0.7062333197115385 0.5743934038461538 0.7071864278846154 0.5509935913461539
7 0.7329203197115385 0.45019439903846153 0.7148112836538462 0.42679458653846153 0.7014677836538462 0.40159478605769233 0.6986084639423077 0.44119447115384614 0.7071864278846154 0.47899416826923075 0.7167174999999999 0.5167938653846154 0.7319672139423077 0.5185938509615384 0.7405451778846154 0.5005939951923077 0.7519824615384615 0.48079415384615387 0.7329203197115385 0.45019439903846153
7 0.7367327475961538 0.7021923822115385 0.7367327475961538 0.6877924975961538 0.7529355697115385 0.712992295673077 0.7529355697115385 0.6931924543269231 0.7472169278846154 0.6553927572115386 0.7472169278846154 0.6211930312499999 0.7395920697115385 0.5977932163461538 0.7310141057692309 0.6031931730769231 0.7243423557692308 0.6157930745192307 0.7119519639423076 0.6103931177884616 0.7043271057692307 0.6247930024038462 0.7043271057692307 0.6553927572115386 0.7109988557692308 0.6751925985576922 0.7319672139423077 0.7201922379807691 0.7443576057692307 0.712992295673077 0.7367327475961538 0.7021923822115385
7 0.69670225 0.7579919350961538 0.6909836057692308 0.7111923100961538 0.6871711778846153 0.6805925552884615 0.69670225 0.71479228125 0.71004575 0.7525919783653846 0.7157643918269231 0.7273921802884615 0.7071864278846154 0.6805925552884615 0.7052802139423077 0.64459284375 0.7014677836538462 0.6121931033653847 0.695749141826923 0.5941932451923078 0.6738276778846154 0.6013931899038462 0.65667175 0.6103931177884616 0.65667175 0.6337929302884615 0.6633435 0.6625926995192307 0.6738276778846154 0.7039923677884615 0.6871711778846153 0.7489920072115385 0.69670225 0.7579919350961538
7 0.6433282499999999 0.7777917788461538 0.6499999999999999 0.7777917788461538 0.6461875721153846 0.7525919783653846 0.6423751442307692 0.712992295673077 0.6423751442307692 0.6949924399038461 0.6461875721153846 0.6949924399038461 0.6557186418269231 0.7291921658653846 0.6642966057692308 0.7759917908653846 0.6690621418269231 0.7741918076923077 0.6709683557692308 0.739992079326923 0.6633435 0.6949924399038461 0.65667175 0.6517927860576923 0.6614372860576924 0.6157930745192307 0.6480937860576923 0.6085931322115384 0.6347502860576923 0.6175930600961539 0.6214067860576923 0.6085931322115384 0.6128288221153846 0.6157930745192307 0.6128288221153846 0.6391928870192308 0.6214067860576923 0.6697926418269231 0.6261723221153846 0.7039923677884615 0.6318909639423077 0.7381920937500001 0.6433282499999999 0.7777917788461538
8 0.6128288221153846 0.7957916346153847 0.6156881442307692 0.7669918629807693 0.6147350360576923 0.6733926129807692 0.6109226081730769 0.6103931177884616 0.5928135721153847 0.6103931177884616 0.5861418221153847 0.6319929447115384 0.5909073581730769 0.6607927139423077 0.5985322163461538 0.6967924254807693 0.6061570721153846 0.7759917908653846 0.6128288221153846 0.7957916346153847
8 0.5851887163461538 0.7921916634615385 0.5880480360576923 0.7507919927884615 0.5870949302884616 0.6733926129807692 0.58995425 0.6175930600961539 0.5737514302884615 0.5977932163461538 0.5613610360576924 0.6283929735576923 0.5689858942307692 0.66799265625 0.5708921081730769 0.7093923245192308 0.5785169663461539 0.7885916923076923 0.5851887163461538 0.7921916634615385
0 0.5727983221153846 0.7327921370192307 0.5708921081730769 0.689592483173077 0.5708921081730769 0.6409928725961538 0.5642203581730769 0.6031931730769231 0.5518299663461538 0.5977932163461538 0.5432520024038461 0.619393045673077 0.5451582163461539 0.6643926850961539 0.5546892860576923 0.7507919927884615 0.5651734663461538 0.7939916466346154 0.5727983221153846 0.7327921370192307
3 0.5365802524038462 0.7471920216346154 0.5422988942307693 0.6589927283653847 0.5499237524038462 0.5923932620192308 0.5308616081730769 0.5869933052884615 0.5289553942307692 0.6463928293269231 0.5232367524038462 0.7417920649038462 0.5308616081730769 0.7759917908653846 0.5365802524038462 0.7471920216346154
1 0.5270491802884615 0.7561919495192307 0.5270491802884615 0.7255921947115385 0.5299085024038461 0.6481928149038462 0.5308616081730769 0.5815933485576923 0.5117994663461538 0.5815933485576923 0.5117994663461538 0.6481928149038462 0.5137056802884615 0.7183922524038462 0.5222836442307692 0.76159190625 0.5270491802884615 0.7561919495192307
1 0.5022683942307692 0.7651918774038461 0.5079870384615385 0.7273921802884615 0.5098932524038461 0.6517927860576923 0.510846358173077 0.576193389423077 0.48987800240384616 0.5833933317307692 0.4936904302884615 0.642792858173077 0.49464353846153847 0.7111923100961538 0.49750286057692306 0.7687918509615385 0.5022683942307692 0.7651918774038461
3 0.4936904302884615 0.7759917908653846 0.4936904302884615 0.716592266826923 0.4936904302884615 0.6553927572115386 0.48987800240384616 0.5815933485576923 0.4708158605769231 0.5869933052884615 0.47558139663461535 0.6589927283653847 0.47844071634615387 0.6913924687499999 0.4851124663461538 0.7795917620192309 0.4936904302884615 0.7759917908653846
0 0.46890964663461543 0.7471920216346154 0.4746282884615385 0.6715926274038462 0.4746282884615385 0.6283929735576923 0.46509721634615386 0.5905932764423076 0.4527068245192308 0.5941932451923078 0.44794128846153847 0.6157930745192307 0.44794128846153847 0.6625926995192307 0.4517537163461538 0.7633918942307693 0.46414411057692306 0.7795917620192309 0.46890964663461543 0.7471920216346154
8 0.4412695384615385 0.7885916923076923 0.44603507451923075 0.7507919927884615 0.44698818269230767 0.6697926418269231 0.4527068245192308 0.6175930600961539 0.43459778846153846 0.5923932620192308 0.41744186057692306 0.6157930745192307 0.4222073966346154 0.6553927572115386 0.4288791466346154 0.7093923245192308 0.43078536057692307 0.7723918221153846 0.4412695384615385 0.7885916923076923
8 0.40886389663461536 0.7705918341346153 0.41267632451923075 0.7237922091346154 0.4203011826923077 0.6661926706730769 0.43078536057692307 0.6247930024038462 0.41648875240384614 0.6013931899038462 0.39170796874999997 0.6175930600961539 0.39266107451923077 0.6517927860576923 0.39552039663461536 0.739992079326923 0.397426610576923 0.7903916778846154 0.40886389663461536 0.7705918341346153
7 0.3421463966346154 0.7669918629807693 0.3545367908653846 0.6949924399038461 0.36406786057692303 0.6823925408653846 0.36597407451923075 0.7003923966346155 0.35834921875 0.7723918221153846 0.3612085408653846 0.7885916923076923 0.3735989326923077 0.739992079326923 0.3859893245192308 0.6661926706730769 0.3993328245192308 0.6211930312499999 0.39361418269230775 0.6067931466346154 0.38122379086538466 0.6067931466346154 0.3631147548076923 0.6067931466346154 0.3507243605769231 0.5995932043269231 0.34309950480769236 0.6247930024038462 0.34500571875 0.6697926418269231 0.3335684326923077 0.7507919927884615 0.33928707692307697 0.7741918076923077 0.3421463966346154 0.7669918629807693
7 0.3068814326923077 0.7561919495192307 0.32213114663461534 0.71479228125 0.3354746466346154 0.6643926850961539 0.3440526105769231 0.642792858173077 0.3469119326923077 0.6157930745192307 0.3364277548076923 0.6049931610576923 0.3211780408653846 0.6049931610576923 0.31164696875 0.5905932764423076 0.30211589903846153 0.5905932764423076 0.29830346875 0.6157930745192307 0.29925657692307694 0.6517927860576923 0.2878192908653846 0.739992079326923 0.2973503629807692 0.7669918629807693 0.3068814326923077 0.7561919495192307
7 0.2697102548076923 0.6859925120192307 0.2506481129807692 0.7237922091346154 0.2744757908653846 0.7237922091346154 0.28591307692307694 0.6913924687499999 0.2963972548076923 0.6625926995192307 0.2963972548076923 0.6301929591346155 0.29067861298076925 0.6031931730769231 0.2744757908653846 0.6031931730769231 0.25731986298076925 0.595993233173077 0.2506481129807692 0.6139930889423076 0.25255432692307694 0.6571927427884615 0.2392108269230769 0.6913924687499999 0.2430232548076923 0.71479228125 0.2697102548076923 0.6859925120192307
6 0.33738086057692307 0.5923932620192308 0.48606557451923077 0.5707934326923076 0.5565955024038461 0.5653934759615384 0.6785932139423078 0.5941932451923078 0.7424513918269231 0.5563935480769231 0.7605604278846154 0.47179422596153847 0.7462638197115384 0.39799481490384614 0.6642966057692308 0.37099503125 0.5051277163461538 0.37099503125 0.31831871875 0.3601951177884616 0.27256957692307693 0.3853949182692308 0.25255432692307694 0.4519943846153846 0.26017918509615384 0.5113939086538462 0.2830537548076923 0.5563935480769231 0.33738086057692307 0.5923932620192308
5 0.10577582932692307 0.3853949182692308 0.11721311538461537 0.4483944134615384 0.14771254326923075 0.5203938365384615 0.18297750721153846 0.6553927572115386 0.19822722115384617 0.7723918221153846 0.2496950048076923 0.7993916033653845 0.2868661826923077 0.8101915192307693 0.35548989663461533 0.8695910432692308 0.42983225240384615 0.8893908846153846 0.48987800240384616 0.8623911009615385 0.5098932524038461 0.876790985576923 0.5318147163461538 0.8677910576923077 0.5727983221153846 0.8947908413461538 0.6118757139423077 0.8947908413461538 0.6633435 0.8659910721153847 0.7376858557692307 0.8047915625000001 0.769138391826923 0.8191914471153846 0.789153641826923 0.7921916634615385 0.8110751057692307 0.71479228125 0.8263248197115385 0.6355929158653846 0.8434807475961539 0.5617935048076923 0.8577773533653846 0.53119375 0.8777926033653846 0.4771941826923077 0.8911361033653846 0.4195946442307692 0.8816050312500001 0.3871949014423077 0.8596835673076922 0.3943948461538461 0.8491993894230769 0.4195946442307692 0.8387152115384615 0.4699942403846154 0.8177468557692307 0.49699402403846155 0.789153641826923 0.4987940096153846 0.769138391826923 0.45739434134615387 0.7567479975961539 0.4177946586538462 0.7405451778846154 0.37999495913461534 0.7205299278846155 0.3871949014423077 0.7138581778846155 0.42139462740384614 0.7148112836538462 0.44299445673076926 0.7262485697115384 0.46819425480769233 0.7414982836538461 0.484394125 0.7500762475961539 0.5275937788461539 0.7405451778846154 0.5707934326923076 0.7157643918269231 0.5923932620192308 0.5651734663461538 0.5797933605769231 0.44794128846153847 0.5869933052884615 0.33166221875 0.5977932163461538 0.2620853990384615 0.5581935336538462 0.2544605408653846 0.5023939807692307 0.26875714903846154 0.4699942403846154 0.28495996875 0.43939448557692307 0.29067861298076925 0.39799481490384614 0.28591307692307694 0.36739506009615386 0.2668509350961539 0.3691950456730769 0.24874189903846153 0.4123946995192308 0.22586732692307693 0.4537943701923077 0.19441479326923078 0.46279429807692307 0.16963400721153846 0.44299445673076926 0.15152497115384617 0.39619482932692307 0.14294700721153847 0.36379508894230767 0.1153069014423077 0.34759521875000005 0.10577582932692307 0.3853949182692308