7 0.27542889903846157 0.53119375 0.29067861298076925 0.5131938942307692 0.29163171875 0.484394125 0.2868661826923077 0.4195946442307692 0.2763820048076923 0.36739506009615386 0.2678040408653846 0.37099503125 0.25541364903846153 0.4555943557692308 0.25255432692307694 0.49339405288461535 0.25541364903846153 0.5167938653846154 0.26494471875000003 0.5131938942307692 0.27542889903846157 0.53119375
7 0.31831871875 0.5491936057692308 0.3297560048076923 0.5293937644230768 0.3268966826923077 0.49339405288461535 0.32499046875 0.46099431249999995 0.31831871875 0.40699474278846154 0.3040221129807692 0.39079487500000004 0.3040221129807692 0.4195946442307692 0.31069386298076923 0.4519943846153846 0.3078345408653846 0.45019439903846153 0.29830346875 0.40159478605769233 0.2897255048076923 0.4123946995192308 0.29353793269230766 0.484394125 0.2897255048076923 0.5167938653846154 0.2887723990384615 0.5329937355769231 0.30211589903846153 0.5437936490384615 0.31831871875 0.5491936057692308
7 0.36406786057692303 0.5509935913461539 0.37550514663461537 0.5293937644230768 0.37550514663461537 0.49699402403846155 0.37169271875 0.4519943846153846 0.3697865048076923 0.40879473076923073 0.3602554326923077 0.3925948581730769 0.35358368269230767 0.40519475961538465 0.3545367908653846 0.46279429807692307 0.3421463966346154 0.4033947740384616 0.3354746466346154 0.40159478605769233 0.33261532692307694 0.42499460096153846 0.3364277548076923 0.4771941826923077 0.3278497908653846 0.5113939086538462 0.3335684326923077 0.5383936923076923 0.3507243605769231 0.5401936778846154 0.36406786057692303 0.5509935913461539
8 0.4021921466346154 0.5419936634615385 0.4060045745192308 0.5185938509615384 0.4012390384615384 0.46279429807692307 0.39837971875 0.40879473076923073 0.38789553846153846 0.39079487500000004 0.37836446875 0.39619482932692307 0.37645825480769235 0.4195946442307692 0.37550514663461537 0.4753941971153846 0.37169271875 0.5203938365384615 0.37169271875 0.5419936634615385 0.3859893245192308 0.5545935625 0.4021921466346154 0.5419936634615385
8 0.4326915745192308 0.5257937932692308 0.42983225240384615 0.4861941105769231 0.42601982451923076 0.4339945288461538 0.42125428846153845 0.3943948461538461 0.41172321875 0.38179494471153846 0.40028593269230767 0.39079487500000004 0.39837971875 0.44119447115384614 0.40028593269230767 0.47899416826923075 0.3993328245192308 0.5293937644230768 0.4060045745192308 0.5617935048076923 0.4203011826923077 0.5635934903846154 0.4326915745192308 0.5257937932692308
0 0.4574723605769231 0.5185938509615384 0.45080061057692306 0.45739434134615387 0.4441288605769231 0.3943948461538461 0.4365040024038462 0.3691950456730769 0.4279260384615385 0.3691950456730769 0.42506671875 0.4231946153846154 0.42697293269230774 0.48259413942307694 0.42601982451923076 0.5383936923076923 0.43555089663461544 0.5653934759615384 0.4517537163461538 0.552793576923077 0.4574723605769231 0.5185938509615384
3 0.4813000384615385 0.4465944278846154 0.47844071634615387 0.40159478605769233 0.47367518028846156 0.37999495913461534 0.46414411057692306 0.38179494471153846 0.45842546634615383 0.43939448557692307 0.4574723605769231 0.5095939230769231 0.45556614663461537 0.5581935336538462 0.48034693028846154 0.5617935048076923 0.4813000384615385 0.5095939230769231 0.4813000384615385 0.4465944278846154
1 0.510846358173077 0.4483944134615384 0.5079870384615385 0.39619482932692307 0.4994090745192308 0.38179494471153846 0.48987800240384616 0.3943948461538461 0.48415936057692305 0.44299445673076926 0.4813000384615385 0.5041939663461539 0.4832062524038462 0.5653934759615384 0.510846358173077 0.5653934759615384 0.5117994663461538 0.5023939807692307 0.510846358173077 0.4483944134615384
1 0.5394395721153846 0.45019439903846153 0.5394395721153846 0.39799481490384614 0.5308616081730769 0.3853949182692308 0.5203774302884615 0.40159478605769233 0.5127525745192307 0.4483944134615384 0.5117994663461538 0.5005939951923077 0.5137056802884615 0.5635934903846154 0.5394395721153846 0.5599935192307692 0.5403926802884615 0.5095939230769231 0.5394395721153846 0.45019439903846153
3 0.5613610360576924 0.40159478605769233 0.5556423942307692 0.3925948581730769 0.550876858173077 0.40159478605769233 0.5489706442307692 0.46279429807692307 0.5461113221153846 0.5023939807692307 0.5422988942307693 0.5617935048076923 0.5670796802884616 0.5599935192307692 0.5670796802884616 0.5131938942307692 0.5661265721153846 0.44119447115384614 0.5613610360576924 0.40159478605769233
0 0.5947197860576924 0.49699402403846155 0.5985322163461538 0.43579451442307693 0.6013915360576922 0.39079487500000004 0.6032977500000001 0.36559507451923073 0.5975791081730769 0.35839513221153846 0.5880480360576923 0.3691950456730769 0.5794700721153846 0.4303945576923077 0.5699390024038462 0.5077939375 0.5708921081730769 0.5491936057692308 0.5870949302884616 0.5689934471153847 0.5985322163461538 0.5419936634615385 0.5947197860576924 0.49699402403846155
8 0.623313 0.5419936634615385 0.6242661081730769 0.48799409615384615 0.6242661081730769 0.44479444230769233 0.6214067860576923 0.4033947740384616 0.6147350360576923 0.38359493028846153 0.6099694999999999 0.4177946586538462 0.6004384302884616 0.4735942115384616 0.5918604663461539 0.5203938365384615 0.5994853221153846 0.552793576923077 0.6128288221153846 0.5563935480769231 0.623313 0.5419936634615385
8 0.6547655360576923 0.505993951923077 0.6480937860576923 0.46459428365384614 0.6480937860576923 0.40519475961538465 0.644281358173077 0.3853949182692308 0.6347502860576923 0.3853949182692308 0.6280785360576923 0.44299445673076926 0.623313 0.5023939807692307 0.6261723221153846 0.5437936490384615 0.6395158221153847 0.5509935913461539 0.6547655360576923 0.5383936923076923 0.6547655360576923 0.505993951923077
7 0.6871711778846153 0.5347937211538462 0.6938429278846154 0.5113939086538462 0.6871711778846153 0.4753941971153846 0.6862180697115385 0.44119447115384614 0.6881242860576923 0.40159478605769233 0.6795463197115384 0.3853949182692308 0.6681090360576923 0.42139462740384614 0.6642966057692308 0.38359493028846153 0.6604841778846153 0.3691950456730769 0.6509531057692308 0.37819497355769227 0.6519062139423077 0.41599467067307694 0.6557186418269231 0.45019439903846153 0.6509531057692308 0.4861941105769231 0.6480937860576923 0.5203938365384615 0.6557186418269231 0.5437936490384615 0.6728745697115385 0.5383936923076923 0.6871711778846153 0.5347937211538462
7 0.7348265336538462 0.5257937932692308 0.7310141057692309 0.4861941105769231 0.7310141057692309 0.46459428365384614 0.7310141057692309 0.4141946875 0.7310141057692309 0.39079487500000004 0.7233892475961539 0.3925948581730769 0.7167174999999999 0.4465944278846154 0.7167174999999999 0.39079487500000004 0.7081395336538462 0.37639498798076926 0.703374 0.3943948461538461 0.6976553557692308 0.43579451442307693 0.6947960360576922 0.48079415384615387 0.6919367139423076 0.5203938365384615 0.703374 0.5401936778846154 0.7167174999999999 0.5365937067307692 0.7348265336538462 0.5257937932692308
7 0.7729508197115386 0.47899416826923075 0.7662790697115385 0.44479444230769233 0.7557948918269232 0.4123946995192308 0.7481700336538462 0.3925948581730769 0.7357796418269231 0.41599467067307694 0.7319672139423077 0.48079415384615387 0.7376858557692307 0.5221938221153846 0.7529355697115385 0.5095939230769231 0.7681852836538462 0.5095939230769231 0.7729508197115386 0.47899416826923075
7 0.7719977115384615 0.6733926129807692 0.7843881057692308 0.6733926129807692 0.7729508197115386 0.6517927860576923 0.7615135336538461 0.6337929302884615 0.7624666418269231 0.619393045673077 0.7681852836538462 0.6247930024038462 0.7815287836538461 0.6409928725961538 0.7910598557692308 0.6661926706730769 0.7958253894230769 0.6607927139423077 0.7872474254807693 0.6139930889423076 0.775810141826923 0.5923932620192308 0.7681852836538462 0.5653934759615384 0.7577011057692308 0.5239938076923077 0.7462638197115384 0.5275937788461539 0.7414982836538461 0.5455936346153846 0.7319672139423077 0.5419936634615385 0.7214830336538461 0.5473936201923076 0.7224361418269231 0.5743934038461538 0.7319672139423077 0.5995932043269231 0.7395920697115385 0.6247930024038462 0.7538886778846153 0.6517927860576923 0.7719977115384615 0.6733926129807692
7 0.7157643918269231 0.7309921514423077 0.7252954639423077 0.7309921514423077 0.7176706057692308 0.7075923389423077 0.7081395336538462 0.6823925408653846 0.7081395336538462 0.6643926850961539 0.7081395336538462 0.642792858173077 0.7129050697115384 0.6409928725961538 0.7224361418269231 0.6751925985576922 0.729107891826923 0.7093923245192308 0.7386389639423078 0.7273921802884615 0.7405451778846154 0.7003923966346155 0.7319672139423077 0.6571927427884615 0.7281547836538462 0.6139930889423076 0.7205299278846155 0.5707934326923076 0.7205299278846155 0.5581935336538462 0.7071864278846154 0.5437936490384615 0.6986084639423077 0.5563935480769231 0.6843118557692307 0.5509935913461539 0.6757338918269231 0.5671934615384615 0.6757338918269231 0.5887932884615384 0.6843118557692307 0.6175930600961539 0.6938429278846154 0.6697926418269231 0.7014677836538462 0.6949924399038461 0.7157643918269231 0.7309921514423077
7 0.6642966057692308 0.7525919783653846 0.6642966057692308 0.7381920937500001 0.6604841778846153 0.7039923677884615 0.6528593221153846 0.6787925697115385 0.6557186418269231 0.6589927283653847 0.6642966057692308 0.6625926995192307 0.67001525 0.6949924399038461 0.6814525360576924 0.7273921802884615 0.6881242860576923 0.7255921947115385 0.6881242860576923 0.7039923677884615 0.6795463197115384 0.6697926418269231 0.6757338918269231 0.6247930024038462 0.6757338918269231 0.5743934038461538 0.6633435 0.5599935192307692 0.6499999999999999 0.572593420673077 0.6347502860576923 0.5671934615384615 0.6290316442307693 0.5689934471153847 0.6290316442307693 0.5977932163461538 0.6337971778846154 0.6319929447115384 0.6433282499999999 0.6985924110576923 0.6547655360576923 0.7381920937500001 0.6642966057692308 0.7525919783653846
8 0.6318909639423077 0.759791920673077 0.6347502860576923 0.739992079326923 0.6309378581730769 0.6913924687499999 0.6309378581730769 0.6337929302884615 0.6318909639423077 0.5905932764423076 0.6318909639423077 0.576193389423077 0.6109226081730769 0.5617935048076923 0.5985322163461538 0.5743934038461538 0.5994853221153846 0.5977932163461538 0.6052039639423077 0.6247930024038462 0.6109226081730769 0.6697926418269231 0.6204536802884615 0.7327921370192307 0.6318909639423077 0.759791920673077
8 0.6080632860576923 0.7381920937500001 0.6023446442307692 0.6877924975961538 0.6023446442307692 0.6337929302884615 0.6023446442307692 0.5797933605769231 0.596626 0.5743934038461538 0.5804231802884615 0.5743934038461538 0.5747045360576923 0.595993233173077 0.5785169663461539 0.6319929447115384 0.5937666802884615 0.7291921658653846 0.6071101802884615 0.7669918629807693 0.6080632860576923 0.7381920937500001
0 0.5766107524038462 0.7777917788461538 0.5823293942307692 0.7381920937500001 0.5794700721153846 0.6607927139423077 0.5804231802884615 0.6067931466346154 0.5708921081730769 0.5851933173076923 0.5594548221153846 0.5689934471153847 0.5556423942307692 0.576193389423077 0.5527830721153847 0.595993233173077 0.5527830721153847 0.6355929158653846 0.5565955024038461 0.6859925120192307 0.5689858942307692 0.76159190625 0.5766107524038462 0.7777917788461538
3 0.550876858173077 0.7219922235576923 0.5499237524038462 0.642792858173077 0.550876858173077 0.5797933605769231 0.5299085024038461 0.5851933173076923 0.5327678221153846 0.6319929447115384 0.5375333581730769 0.712992295673077 0.5470644302884615 0.7417920649038462 0.550876858173077 0.7219922235576923
1 0.5270491802884615 0.6859925120192307 0.5270491802884615 0.6391928870192308 0.5260960745192308 0.5869933052884615 0.5098932524038461 0.5851933173076923 0.5127525745192307 0.6319929447115384 0.5137056802884615 0.6787925697115385 0.5203774302884615 0.7255921947115385 0.5270491802884615 0.6859925120192307
1 0.5089401442307693 0.689592483173077 0.5117994663461538 0.6391928870192308 0.5117994663461538 0.5869933052884615 0.48892489423076924 0.5887932884615384 0.49273732451923075 0.6337929302884615 0.4936904302884615 0.716592266826923 0.5022683942307692 0.7291921658653846 0.5089401442307693 0.689592483173077
3 0.48606557451923077 0.7291921658653846 0.48987800240384616 0.689592483173077 0.49273732451923075 0.6337929302884615 0.49273732451923075 0.5815933485576923 0.47176896634615384 0.5833933317307692 0.47176896634615384 0.6355929158653846 0.4746282884615385 0.6715926274038462 0.47653450240384615 0.7381920937500001 0.48606557451923077 0.7291921658653846
0 0.44984750240384613 0.7633918942307693 0.4574723605769231 0.7327921370192307 0.46414411057692306 0.6949924399038461 0.47272207451923076 0.6391928870192308 0.47272207451923076 0.5977932163461538 0.4622378966346154 0.576193389423077 0.4488943966346154 0.577993375 0.4441288605769231 0.5977932163461538 0.4450819663461539 0.6319929447115384 0.43841021634615385 0.7237922091346154 0.4393633245192308 0.7687918509615385 0.44984750240384613 0.7633918942307693
8 0.43078536057692307 0.7525919783653846 0.4365040024038462 0.7219922235576923 0.4450819663461539 0.6553927572115386 0.44603507451923075 0.6121931033653847 0.44222264663461536 0.5815933485576923 0.42601982451923076 0.5707934326923076 0.4145825384615385 0.5869933052884615 0.41648875240384614 0.6391928870192308 0.4193480745192308 0.6931924543269231 0.4222073966346154 0.7525919783653846 0.43078536057692307 0.7525919783653846
8 0.40028593269230767 0.7561919495192307 0.40791078846153844 0.7201922379807691 0.4155356466346154 0.6409928725961538 0.4231605024038462 0.595993233173077 0.41648875240384614 0.5707934326923076 0.40409836057692305 0.5653934759615384 0.3859893245192308 0.5833933317307692 0.3907548605769231 0.6319929447115384 0.39266107451923077 0.6661926706730769 0.3898017548076923 0.7543919663461539 0.40028593269230767 0.7561919495192307
7 0.33261532692307694 0.7453920360576922 0.3402401826923077 0.7273921802884615 0.3497712548076923 0.6931924543269231 0.3564430048076923 0.66799265625 0.36406786057692303 0.6589927283653847 0.3669271826923077 0.6805925552884615 0.36216164663461536 0.71479228125 0.3564430048076923 0.7561919495192307 0.36597407451923075 0.7561919495192307 0.37455204086538463 0.7219922235576923 0.3821768966346154 0.6769925841346154 0.38503621875000005 0.6301929591346155 0.3964735048076923 0.5869933052884615 0.3907548605769231 0.5617935048076923 0.3726458245192308 0.5707934326923076 0.36502096875 0.5617935048076923 0.3507243605769231 0.5617935048076923 0.3440526105769231 0.5833933317307692 0.3440526105769231 0.6247930024038462 0.33070911298076927 0.689592483173077 0.32499046875 0.7417920649038462 0.33261532692307694 0.7453920360576922
7 0.29163171875 0.7291921658653846 0.2963972548076923 0.6877924975961538 0.31069386298076923 0.6499928004807691 0.31069386298076923 0.6553927572115386 0.29925657692307694 0.7021923822115385 0.30211589903846153 0.7309921514423077 0.31355318269230764 0.7111923100961538 0.3278497908653846 0.6643926850961539 0.3354746466346154 0.6301929591346155 0.34500571875 0.5851933173076923 0.33833396875 0.5653934759615384 0.3259435769230769 0.5653934759615384 0.3087876466346154 0.5509935913461539 0.29925657692307694 0.5599935192307692 0.2963972548076923 0.5743934038461538 0.29353793269230766 0.6121931033653847 0.2878192908653846 0.66799265625 0.2830537548076923 0.7417920649038462 0.29163171875 0.7291921658653846
7 0.21633625721153849 0.6481928149038462 0.23158597115384616 0.6499928004807691 0.26017918509615384 0.6157930745192307 0.2620853990384615 0.6283929735576923 0.25636675480769233 0.6391928870192308 0.2325390769230769 0.6625926995192307 0.23539839903846155 0.6715926274038462 0.2592260769230769 0.6697926418269231 0.27352268509615385 0.6463928293269231 0.28591307692307694 0.6103931177884616 0.2925848269230769 0.5887932884615384 0.29830346875 0.5617935048076923 0.2887723990384615 0.5491936057692308 0.27733511298076924 0.5491936057692308 0.2763820048076923 0.5383936923076923 0.26494471875000003 0.5329937355769231 0.2535074350961538 0.5455936346153846 0.2496950048076923 0.5743934038461538 0.2430232548076923 0.6031931730769231 0.22586732692307693 0.6265929879807692 0.21633625721153849 0.6481928149038462
6 0.3278497908653846 0.5581935336538462 0.42125428846153845 0.5617935048076923 0.5222836442307692 0.5689934471153847 0.6328440721153845 0.5563935480769231 0.7205299278846155 0.53119375 0.7729508197115386 0.5113939086538462 0.7777163557692308 0.4339945288461538 0.7567479975961539 0.37099503125 0.6690621418269231 0.35119518990384613 0.5470644302884615 0.3547951610576923 0.4403164326923077 0.35119518990384613 0.2887723990384615 0.3529951754807692 0.25160122115384614 0.36559507451923073 0.23825772115384616 0.3943948461538461 0.23539839903846155 0.46099431249999995 0.24207014903846155 0.505993951923077 0.2744757908653846 0.5293937644230768 0.3278497908653846 0.5581935336538462
5 0.07908882932692309 0.3025955793269231 0.08480747355769232 0.3421952620192308 0.10291650721153847 0.39799481490384614 0.11435379326923077 0.4663942692307692 0.1153069014423077 0.5707934326923076 0.11435379326923077 0.64459284375 0.1372283653846154 0.7111923100961538 0.18202439903846154 0.7579919350961538 0.22396111298076923 0.7795917620192309 0.2840068629807692 0.8389912884615385 0.3612085408653846 0.8839909278846154 0.45461303846153844 0.9001907980769231 0.5480175384615384 0.9073907403846154 0.6604841778846153 0.8713910288461538 0.7834349975961538 0.7903916778846154 0.8825581394230769 0.712992295673077 0.91496378125 0.6283929735576923 0.9178231033653846 0.4951940384615385 0.9273541754807693 0.40699474278846154 0.9578536033653846 0.3187954495192308 0.960712923076923 0.26659586778846156 0.9502287451923077 0.2485960120192308 0.9273541754807693 0.2485960120192308 0.9063858173076924 0.2701958389423077 0.8987609615384616 0.29719562259615384 0.8901829975961538 0.3457952331730769 0.8558711394230769 0.37819497355769227 0.8329965697115385 0.3565951466346154 0.8177468557692307 0.3133954927884615 0.8034502475961538 0.27199582451923077 0.7824818918269231 0.25939592548076923 0.7710446057692307 0.27199582451923077 0.7653259615384616 0.3169954639423077 0.775810141826923 0.3547951610576923 0.7977316057692309 0.3853949182692308 0.8139344254807692 0.43579451442307693 0.7977316057692309 0.49339405288461535 0.7557948918269232 0.5257937932692308 0.6195005721153847 0.5617935048076923 0.47844071634615387 0.572593420673077 0.3230842548076923 0.5617935048076923 0.22491422115384616 0.5131938942307692 0.21919557692307692 0.46279429807692307 0.22110179086538462 0.43939448557692307 0.2306328629807692 0.40519475961538465 0.24397636298076925 0.37099503125 0.26494471875000003 0.3547951610576923 0.2763820048076923 0.34759521875000005 0.28591307692307694 0.31159550721153845 0.2801944350961538 0.28279573798076924 0.26113229086538464 0.27379581009615384 0.23730461298076921 0.29719562259615384 0.22014868509615385 0.32059543509615385 0.19822722115384617 0.3601951177884616 0.17725886298076923 0.3871949014423077 0.15533739903846153 0.37099503125 0.1353221514423077 0.32419540625 0.13055661538461538 0.28819569471153844 0.10863515144230769 0.2611959110576923 0.08861990144230769 0.2611959110576923 0.07908882932692309 0.3025955793269231