7 0.27161646875 0.49699402403846155 0.28495996875 0.4663942692307692 0.2801944350961538 0.4141946875 0.27828821875 0.36739506009615386 0.2706633629807692 0.35119518990384613 0.26113229086538464 0.3691950456730769 0.2544605408653846 0.42499460096153846 0.2477887908653846 0.4519943846153846 0.2477887908653846 0.484394125 0.26017918509615384 0.47899416826923075 0.27161646875 0.49699402403846155
7 0.29449104086538463 0.5599935192307692 0.31355318269230764 0.5347937211538462 0.3126000769230769 0.484394125 0.3126000769230769 0.42859457211538465 0.3059283269230769 0.3889948870192308 0.29925657692307694 0.37639498798076926 0.29925657692307694 0.45919432692307693 0.2925848269230769 0.3853949182692308 0.28591307692307694 0.4375945 0.2840068629807692 0.4753941971153846 0.27256957692307693 0.5005939951923077 0.2744757908653846 0.5293937644230768 0.2840068629807692 0.5473936201923076 0.29449104086538463 0.5599935192307692
7 0.33833396875 0.552793576923077 0.3440526105769231 0.5599935192307692 0.3526305769230769 0.5437936490384615 0.3507243605769231 0.48799409615384615 0.3459588269230769 0.42139462740384614 0.34119329086538464 0.39079487500000004 0.33261532692307694 0.37639498798076926 0.32213114663461534 0.3925948581730769 0.3173656129807692 0.4465944278846154 0.3164125048076923 0.48799409615384615 0.3087876466346154 0.5329937355769231 0.3173656129807692 0.5599935192307692 0.3335684326923077 0.5635934903846154 0.33833396875 0.552793576923077
8 0.37836446875 0.47899416826923075 0.3726458245192308 0.4303945576923077 0.36502096875 0.3997948028846154 0.3564430048076923 0.4141946875 0.35548989663461533 0.48799409615384615 0.35358368269230767 0.5401936778846154 0.3697865048076923 0.5689934471153847 0.3831300048076923 0.5293937644230768 0.37836446875 0.47899416826923075
8 0.4069576826923077 0.484394125 0.3993328245192308 0.42679458653846153 0.3993328245192308 0.3997948028846154 0.39361418269230775 0.3925948581730769 0.3821768966346154 0.4141946875 0.38122379086538466 0.5005939951923077 0.37836446875 0.5473936201923076 0.39170796874999997 0.5707934326923076 0.41172321875 0.5401936778846154 0.4069576826923077 0.484394125
0 0.4365040024038462 0.4771941826923077 0.43078536057692307 0.42139462740384614 0.42125428846153845 0.3853949182692308 0.41839496875000004 0.37999495913461534 0.41267632451923075 0.39079487500000004 0.4107701105769231 0.44479444230769233 0.4098170024038461 0.49699402403846155 0.40791078846153844 0.5509935913461539 0.4279260384615385 0.572593420673077 0.44222264663461536 0.5383936923076923 0.4365040024038462 0.4771941826923077
3 0.4660503245192308 0.5149938798076923 0.4603316802884615 0.44299445673076926 0.45556614663461537 0.40519475961538465 0.4450819663461539 0.3997948028846154 0.4403164326923077 0.4303945576923077 0.4403164326923077 0.5077939375 0.4412695384615385 0.5509935913461539 0.45651925240384617 0.5671934615384615 0.46414411057692306 0.5671934615384615 0.4660503245192308 0.5149938798076923
1 0.4936904302884615 0.4735942115384616 0.48415936057692305 0.40879473076923073 0.47176896634615384 0.3871949014423077 0.46414411057692306 0.4123946995192308 0.46414411057692306 0.45739434134615387 0.46700343028846153 0.5203938365384615 0.46795653846153845 0.577993375 0.49750286057692306 0.576193389423077 0.49750286057692306 0.5221938221153846 0.4936904302884615 0.4735942115384616
1 0.5260960745192308 0.45919432692307693 0.5222836442307692 0.40159478605769233 0.5184712163461538 0.38359493028846153 0.5070339302884616 0.3853949182692308 0.5022683942307692 0.42859457211538465 0.5003621802884616 0.5005939951923077 0.5003621802884616 0.5743934038461538 0.5318147163461538 0.572593420673077 0.5308616081730769 0.5149938798076923 0.5260960745192308 0.45919432692307693
3 0.5546892860576923 0.4861941105769231 0.5451582163461539 0.4303945576923077 0.5318147163461538 0.3853949182692308 0.5222836442307692 0.39079487500000004 0.5289553942307692 0.4519943846153846 0.5318147163461538 0.5095939230769231 0.5384864663461538 0.5635934903846154 0.5565955024038461 0.5617935048076923 0.5575486081730769 0.5221938221153846 0.5546892860576923 0.4861941105769231
0 0.5937666802884615 0.5401936778846154 0.5880480360576923 0.4897940817307692 0.5928135721153847 0.42679458653846153 0.5928135721153847 0.3691950456730769 0.5851887163461538 0.35839513221153846 0.5727983221153846 0.3997948028846154 0.5623141442307692 0.46279429807692307 0.5604079302884615 0.4897940817307692 0.5585017163461539 0.5149938798076923 0.5632672524038461 0.5491936057692308 0.577563858173077 0.5743934038461538 0.5937666802884615 0.5401936778846154
8 0.6156881442307692 0.576193389423077 0.623313 0.5257937932692308 0.6223598942307693 0.48259413942307694 0.6185474639423076 0.45019439903846153 0.6042508581730769 0.39619482932692307 0.596626 0.3871949014423077 0.5918604663461539 0.4519943846153846 0.5909073581730769 0.47899416826923075 0.5861418221153847 0.5113939086538462 0.5918604663461539 0.552793576923077 0.6023446442307692 0.552793576923077 0.6156881442307692 0.576193389423077
8 0.6538124278846154 0.5473936201923076 0.6585779639423077 0.5293937644230768 0.6509531057692308 0.4735942115384616 0.6395158221153847 0.40699474278846154 0.6309378581730769 0.37819497355769227 0.623313 0.4375945 0.6252192139423076 0.48259413942307694 0.6242661081730769 0.5293937644230768 0.6299847500000001 0.5617935048076923 0.644281358173077 0.5617935048076923 0.6538124278846154 0.5473936201923076
7 0.6776401057692307 0.5383936923076923 0.6938429278846154 0.5437936490384615 0.7014677836538462 0.5203938365384615 0.6947960360576922 0.4735942115384616 0.6919367139423076 0.42499460096153846 0.6928898197115385 0.3889948870192308 0.6862180697115385 0.37279501682692306 0.6757338918269231 0.4483944134615384 0.67001525 0.40159478605769233 0.6662028221153846 0.37819497355769227 0.6585779639423077 0.40699474278846154 0.65667175 0.4753941971153846 0.6509531057692308 0.5185938509615384 0.662390391826923 0.5509935913461539 0.6776401057692307 0.5473936201923076 0.6776401057692307 0.5383936923076923
7 0.7434044975961539 0.505993951923077 0.7434044975961539 0.4753941971153846 0.7310141057692309 0.44119447115384614 0.7310141057692309 0.39799481490384614 0.7310141057692309 0.36199510336538465 0.7214830336538461 0.38359493028846153 0.7148112836538462 0.4339945288461538 0.7148112836538462 0.3889948870192308 0.7148112836538462 0.3547951610576923 0.7071864278846154 0.3745950024038462 0.6995615697115384 0.41059471634615385 0.6947960360576922 0.4753941971153846 0.695749141826923 0.5077939375 0.71004575 0.53119375 0.7243423557692308 0.5257937932692308 0.7434044975961539 0.505993951923077
7 0.7643728557692308 0.41599467067307694 0.7491231418269231 0.3565951466346154 0.7395920697115385 0.34759521875000005 0.7300609975961538 0.37099503125 0.7300609975961538 0.4195946442307692 0.7329203197115385 0.45919432692307693 0.7434044975961539 0.4951940384615385 0.7672321778846154 0.4771941826923077 0.775810141826923 0.44479444230769233 0.7643728557692308 0.41599467067307694
7 0.7681852836538462 0.6481928149038462 0.7548417836538461 0.6373929014423076 0.7510293557692307 0.6247930024038462 0.7548417836538461 0.6157930745192307 0.7767632475961539 0.6463928293269231 0.7805756754807691 0.6373929014423076 0.775810141826923 0.6013931899038462 0.7653259615384616 0.572593420673077 0.7586542115384615 0.5347937211538462 0.7453107139423077 0.5239938076923077 0.7338734278846153 0.5509935913461539 0.7138581778846155 0.5509935913461539 0.7138581778846155 0.5869933052884615 0.7272016778846153 0.6103931177884616 0.7443576057692307 0.6481928149038462 0.7672321778846154 0.6643926850961539 0.7681852836538462 0.6481928149038462
7 0.7281547836538462 0.7255921947115385 0.7138581778846155 0.6931924543269231 0.7043271057692307 0.6751925985576922 0.7043271057692307 0.6553927572115386 0.7214830336538461 0.6841925264423078 0.7319672139423077 0.7255921947115385 0.7367327475961538 0.6931924543269231 0.7300609975961538 0.6589927283653847 0.7195768197115384 0.6211930312499999 0.7119519639423076 0.5563935480769231 0.7005146778846154 0.5563935480769231 0.6900305 0.5743934038461538 0.6804994278846154 0.5689934471153847 0.6662028221153846 0.576193389423077 0.6652497139423077 0.6067931466346154 0.6738276778846154 0.6319929447115384 0.6928898197115385 0.6913924687499999 0.7195768197115384 0.7219922235576923 0.7281547836538462 0.7255921947115385
7 0.6642966057692308 0.759791920673077 0.6557186418269231 0.7345921225961539 0.6509531057692308 0.7021923822115385 0.6509531057692308 0.6733926129807692 0.6585779639423077 0.6913924687499999 0.6747807860576922 0.7327921370192307 0.6852649639423076 0.7417920649038462 0.6795463197115384 0.6967924254807693 0.6690621418269231 0.6517927860576923 0.6738276778846154 0.6229930168269231 0.6681090360576923 0.5851933173076923 0.6538124278846154 0.5743934038461538 0.6452344639423077 0.5869933052884615 0.6366565000000001 0.5833933317307692 0.6185474639423076 0.5815933485576923 0.6156881442307692 0.6103931177884616 0.6261723221153846 0.64459284375 0.6357033942307692 0.71479228125 0.6519062139423077 0.7561919495192307 0.6642966057692308 0.759791920673077
8 0.6214067860576923 0.7669918629807693 0.6242661081730769 0.7111923100961538 0.6223598942307693 0.6571927427884615 0.6252192139423076 0.6157930745192307 0.6090163942307693 0.595993233173077 0.5956728942307692 0.5923932620192308 0.5918604663461539 0.6139930889423076 0.5956728942307692 0.6517927860576923 0.6042508581730769 0.7093923245192308 0.6128288221153846 0.7669918629807693 0.6214067860576923 0.7669918629807693
8 0.5870949302884616 0.7561919495192307 0.5890011442307692 0.6823925408653846 0.5928135721153847 0.6283929735576923 0.577563858173077 0.5923932620192308 0.5642203581730769 0.6067931466346154 0.5604079302884615 0.6229930168269231 0.5604079302884615 0.6661926706730769 0.5689858942307692 0.7381920937500001 0.5823293942307692 0.7813917499999999 0.5870949302884616 0.7561919495192307
0 0.5461113221153846 0.7651918774038461 0.5565955024038461 0.7021923822115385 0.5575486081730769 0.6607927139423077 0.550876858173077 0.5923932620192308 0.5413457884615385 0.595993233173077 0.5289553942307692 0.6319929447115384 0.5260960745192308 0.6643926850961539 0.524189858173077 0.7435920504807693 0.5318147163461538 0.7831917355769231 0.5461113221153846 0.7651918774038461
3 0.5184712163461538 0.71479228125 0.5251429663461539 0.66799265625 0.5280022884615385 0.6013931899038462 0.5089401442307693 0.6049931610576923 0.5079870384615385 0.6589927283653847 0.5070339302884616 0.7345921225961539 0.5146587884615385 0.7453920360576922 0.5184712163461538 0.71479228125
1 0.5003621802884616 0.7039923677884615 0.504174610576923 0.6625926995192307 0.5070339302884616 0.5995932043269231 0.48987800240384616 0.5995932043269231 0.48892489423076924 0.6571927427884615 0.4908311105769231 0.7237922091346154 0.49845596634615386 0.7417920649038462 0.5003621802884616 0.7039923677884615
1 0.48034693028846154 0.71479228125 0.4851124663461538 0.6643926850961539 0.48987800240384616 0.6049931610576923 0.4708158605769231 0.6031931730769231 0.4698627524038462 0.6607927139423077 0.46795653846153845 0.7309921514423077 0.47272207451923076 0.7507919927884615 0.48034693028846154 0.71479228125
3 0.45651925240384617 0.7453920360576922 0.46509721634615386 0.6733926129807692 0.46700343028846153 0.595993233173077 0.44698818269230767 0.6085931322115384 0.4450819663461539 0.6643926850961539 0.4431757524038461 0.7255921947115385 0.4488943966346154 0.7723918221153846 0.45651925240384617 0.7453920360576922
0 0.42125428846153845 0.78499171875 0.43555089663461544 0.7471920216346154 0.4450819663461539 0.6805925552884615 0.4488943966346154 0.6355929158653846 0.43364468269230766 0.5923932620192308 0.4222073966346154 0.6157930745192307 0.42125428846153845 0.6589927283653847 0.4203011826923077 0.7075923389423077 0.4145825384615385 0.7777917788461538 0.42125428846153845 0.78499171875
8 0.397426610576923 0.7795917620192309 0.4107701105769231 0.739992079326923 0.4136294326923077 0.6787925697115385 0.4193480745192308 0.6247930024038462 0.4069576826923077 0.5905932764423076 0.39552039663461536 0.6175930600961539 0.397426610576923 0.6535927716346154 0.3964735048076923 0.6913924687499999 0.39552039663461536 0.7579919350961538 0.397426610576923 0.7795917620192309
8 0.3697865048076923 0.7687918509615385 0.3831300048076923 0.7273921802884615 0.3888486466346154 0.6751925985576922 0.3993328245192308 0.6265929879807692 0.3888486466346154 0.5941932451923078 0.37931757451923076 0.5995932043269231 0.3678802908653846 0.6139930889423076 0.3669271826923077 0.6643926850961539 0.36597407451923075 0.6985924110576923 0.36406786057692303 0.7579919350961538 0.3697865048076923 0.7687918509615385
7 0.3173656129807692 0.7633918942307693 0.3259435769230769 0.7633918942307693 0.3297560048076923 0.7327921370192307 0.33261532692307694 0.7057923533653846 0.34309950480769236 0.6841925264423078 0.34309950480769236 0.71479228125 0.3345215408653846 0.759791920673077 0.33833396875 0.7723918221153846 0.3526305769230769 0.7471920216346154 0.3573961105769231 0.6913924687499999 0.3602554326923077 0.6553927572115386 0.3726458245192308 0.6175930600961539 0.3669271826923077 0.595993233173077 0.3488181466346154 0.6013931899038462 0.33738086057692307 0.5905932764423076 0.3259435769230769 0.6139930889423076 0.3259435769230769 0.6499928004807691 0.3173656129807692 0.7057923533653846 0.3126000769230769 0.739992079326923 0.3173656129807692 0.7633918942307693
7 0.2763820048076923 0.7309921514423077 0.28495996875 0.689592483173077 0.2963972548076923 0.66799265625 0.2954441490384615 0.6841925264423078 0.2878192908653846 0.7255921947115385 0.2868661826923077 0.7417920649038462 0.2925848269230769 0.7417920649038462 0.3068814326923077 0.7039923677884615 0.3173656129807692 0.6607927139423077 0.32880289663461537 0.6175930600961539 0.32403736298076924 0.5851933173076923 0.3078345408653846 0.5923932620192308 0.2963972548076923 0.577993375 0.28591307692307694 0.6013931899038462 0.28210064903846155 0.6373929014423076 0.27161646875 0.689592483173077 0.26875714903846154 0.7273921802884615 0.2763820048076923 0.7309921514423077
7 0.22300800721153846 0.6283929735576923 0.23635150480769232 0.6283929735576923 0.24207014903846155 0.6337929302884615 0.2325390769230769 0.6463928293269231 0.22205489903846154 0.6355929158653846 0.21728936298076923 0.6535927716346154 0.23158597115384616 0.6661926706730769 0.24588257692307694 0.6625926995192307 0.25636675480769233 0.6571927427884615 0.2678040408653846 0.6535927716346154 0.27828821875 0.6463928293269231 0.2840068629807692 0.6121931033653847 0.2706633629807692 0.595993233173077 0.27542889903846157 0.5815933485576923 0.2697102548076923 0.5653934759615384 0.25255432692307694 0.5689934471153847 0.23825772115384616 0.595993233173077 0.22110179086538462 0.6049931610576923 0.21443004086538459 0.6283929735576923 0.22300800721153846 0.6283929735576923
6 0.3335684326923077 0.5732054134615384 0.4241136105769231 0.5822053413461539 0.524189858173077 0.5858053125 0.6385627139423077 0.5678054567307692 0.7186237139423077 0.5354057163461539 0.7700914975961539 0.48500612019230765 0.7872474254807693 0.43640650961538463 0.7834349975961538 0.3770069831730769 0.7643728557692308 0.3248074014423077 0.7424513918269231 0.31580747355769234 0.71004575 0.33200734375 0.6528593221153846 0.36800705528846156 0.6023446442307692 0.35000719951923076 0.5623141442307692 0.3482072139423077 0.5346740384615385 0.36440708413461537 0.48797178846153844 0.3716070264423077 0.4069576826923077 0.3626070985576923 0.36216164663461536 0.36620706971153844 0.30211589903846153 0.3482072139423077 0.2697102548076923 0.32660738701923075 0.23635150480769232 0.3428072572115385 0.2306328629807692 0.38420692548076923 0.22682043509615385 0.44360645192307696 0.24874189903846153 0.5066059471153846 0.27542889903846157 0.5516055865384616 0.3335684326923077 0.5732054134615384
5 0.1219786514423077 0.2349341201923077 0.09815097115384616 0.23313413461538463 0.08004193750000001 0.26193390384615384 0.08004193750000001 0.2997336033653846 0.10291650721153847 0.3537331706730769 0.12769729326923077 0.44193246394230773 0.1439001153846154 0.5553315576923077 0.16391536298076922 0.677730579326923 0.19441479326923078 0.7173302620192307 0.22967975721153847 0.7389300889423077 0.2973503629807692 0.8235294110576923 0.37931757451923076 0.9117287067307692 0.4326915745192308 0.9441284471153846 0.47844071634615387 0.9261285913461539 0.5480175384615384 0.9171286634615385 0.6309378581730769 0.8775289807692308 0.7071864278846154 0.7875296995192307 0.7748570336538462 0.7191302475961538 0.8387152115384615 0.6615307067307692 0.8720739615384615 0.5427316586538461 0.9054327115384615 0.41313269471153846 0.9273541754807693 0.36093311298076924 0.960712923076923 0.2925336586538462 0.9654784591346155 0.24753401923076923 0.9454632091346155 0.21513427884615383 0.9187762091346153 0.21513427884615383 0.8968547451923077 0.24393404807692307 0.8920892115384615 0.2961336298076923 0.875886389423077 0.32853337259615384 0.8396683197115385 0.34293325721153844 0.8129813197115384 0.3375333004807692 0.7939191754807692 0.2871337019230769 0.7700914975961539 0.26013391826923077 0.7453107139423077 0.26913384615384617 0.7310141057692309 0.30333357451923076 0.7434044975961539 0.35193318509615384 0.775810141826923 0.3735330120192308 0.7920129615384616 0.4329325360576923 0.7786694615384615 0.4923320600961538 0.7386389639423078 0.5211318317307693 0.623313 0.5733314134615385 0.47558139663461535 0.5841313269230769 0.3545367908653846 0.5769313846153846 0.25541364903846153 0.5391316875000001 0.22491422115384616 0.4797321610576923 0.22205489903846154 0.4293325649038462 0.23349218509615385 0.3933328533653846 0.2658978269230769 0.37533299759615385 0.2878192908653846 0.3591331274038462 0.29925657692307694 0.31413348798076923 0.29067861298076925 0.26913384615384617 0.27161646875 0.26193390384615384 0.24874189903846153 0.2727338173076923 0.22682043509615385 0.3105335144230769 0.20299275721153845 0.3501331995192307 0.19155547115384616 0.3681330552884615 0.17344643509615384 0.36633306971153845 0.15724361538461537 0.3411332716346154 0.14199389903846155 0.3105335144230769 0.14580632932692308 0.26913384615384617 0.1219786514423077 0.2349341201923077