7 0.2706633629807692 0.4339945288461538 0.27733511298076924 0.46279429807692307 0.29449104086538463 0.45919432692307693 0.3040221129807692 0.42679458653846153 0.31069386298076923 0.3925948581730769 0.31831871875 0.3547951610576923 0.32403736298076924 0.3313953485576923 0.3145062908653846 0.3187954495192308 0.29925657692307694 0.34399524759615385 0.2801944350961538 0.37099503125 0.27352268509615385 0.37999495913461534 0.2658978269230769 0.39619482932692307 0.26113229086538464 0.42139462740384614 0.2706633629807692 0.4339945288461538
7 0.30974075480769236 0.4915940673076923 0.3126000769230769 0.5005939951923077 0.3259435769230769 0.5005939951923077 0.33261532692307694 0.4735942115384616 0.3354746466346154 0.43939448557692307 0.3421463966346154 0.40699474278846154 0.3421463966346154 0.37279501682692306 0.3421463966346154 0.34399524759615385 0.33833396875 0.3367953052884615 0.3354746466346154 0.3529951754807692 0.33261532692307694 0.38179494471153846 0.3268966826923077 0.40879473076923073 0.3268966826923077 0.3853949182692308 0.3259435769230769 0.36559507451923073 0.32403736298076924 0.3601951177884616 0.3164125048076923 0.37999495913461534 0.30974075480769236 0.41059471634615385 0.29925657692307694 0.4465944278846154 0.2925848269230769 0.46459428365384614 0.2963972548076923 0.4861941105769231 0.30974075480769236 0.4915940673076923
7 0.35834921875 0.5167938653846154 0.37169271875 0.5149938798076923 0.3774113605769231 0.5005939951923077 0.37931757451923076 0.4753941971153846 0.37169271875 0.4465944278846154 0.37550514663461537 0.39799481490384614 0.3726458245192308 0.36739506009615386 0.36502096875 0.3601951177884616 0.3631147548076923 0.37999495913461534 0.3593023245192307 0.3997948028846154 0.3526305769230769 0.4231946153846154 0.3497712548076923 0.37099503125 0.3440526105769231 0.36739506009615386 0.33928707692307697 0.3889948870192308 0.33833396875 0.42679458653846153 0.3354746466346154 0.44479444230769233 0.33261532692307694 0.48079415384615387 0.33261532692307694 0.5077939375 0.3497712548076923 0.505993951923077 0.35834921875 0.5167938653846154
8 0.3907548605769231 0.5203938365384615 0.40409836057692305 0.5203938365384615 0.4107701105769231 0.4897940817307692 0.4060045745192308 0.4483944134615384 0.3945672884615385 0.37099503125 0.38408311057692307 0.3529951754807692 0.38122379086538466 0.3889948870192308 0.37836446875 0.46099431249999995 0.37455204086538463 0.4897940817307692 0.37455204086538463 0.5185938509615384 0.38408311057692307 0.53119375 0.3907548605769231 0.5203938365384615
8 0.4203011826923077 0.5275937788461539 0.4326915745192308 0.5239938076923077 0.4365040024038462 0.48079415384615387 0.43173846634615387 0.4321945432692308 0.4241136105769231 0.3853949182692308 0.4145825384615385 0.36199510336538465 0.4098170024038461 0.40519475961538465 0.4069576826923077 0.46459428365384614 0.3993328245192308 0.4951940384615385 0.3993328245192308 0.5275937788461539 0.4107701105769231 0.5365937067307692 0.4203011826923077 0.5275937788461539
0 0.4527068245192308 0.5203938365384615 0.4536599326923077 0.4951940384615385 0.44794128846153847 0.4519943846153846 0.4488943966346154 0.38179494471153846 0.4441288605769231 0.35119518990384613 0.43745711057692305 0.37279501682692306 0.4326915745192308 0.4339945288461538 0.42983225240384615 0.4735942115384616 0.4241136105769231 0.5023939807692307 0.4241136105769231 0.5221938221153846 0.43745711057692305 0.5401936778846154 0.4527068245192308 0.5203938365384615
4 0.47272207451923076 0.5113939086538462 0.47176896634615384 0.48079415384615387 0.47367518028846156 0.4303945576923077 0.4708158605769231 0.3889948870192308 0.4660503245192308 0.3925948581730769 0.4603316802884615 0.44479444230769233 0.45556614663461537 0.47179422596153847 0.4517537163461538 0.4987940096153846 0.45080061057692306 0.5329937355769231 0.46890964663461543 0.5419936634615385 0.47272207451923076 0.5113939086538462
2 0.5003621802884616 0.5419936634615385 0.5013152884615384 0.49339405288461535 0.5013152884615384 0.46459428365384614 0.5013152884615384 0.4123946995192308 0.5003621802884616 0.3925948581730769 0.4936904302884615 0.39079487500000004 0.48701868028846157 0.4123946995192308 0.4774876105769231 0.4663942692307692 0.47176896634615384 0.5113939086538462 0.4708158605769231 0.5437936490384615 0.4955966442307692 0.5581935336538462 0.5003621802884616 0.5419936634615385
2 0.5308616081730769 0.5077939375 0.5289553942307692 0.48259413942307694 0.5299085024038461 0.4375945 0.5289553942307692 0.41059471634615385 0.5251429663461539 0.3871949014423077 0.5184712163461538 0.3853949182692308 0.5127525745192307 0.3997948028846154 0.5089401442307693 0.4465944278846154 0.5051277163461538 0.47179422596153847 0.5032215024038462 0.49699402403846155 0.5032215024038462 0.5599935192307692 0.5299085024038461 0.5545935625 0.5308616081730769 0.5077939375
4 0.5546892860576923 0.5041939663461539 0.550876858173077 0.484394125 0.5470644302884615 0.44119447115384614 0.5422988942307693 0.40699474278846154 0.5327678221153846 0.3997948028846154 0.5308616081730769 0.43939448557692307 0.5289553942307692 0.4897940817307692 0.5289553942307692 0.5221938221153846 0.5356271442307692 0.5563935480769231 0.5527830721153847 0.5383936923076923 0.5546892860576923 0.5041939663461539
0 0.5823293942307692 0.5401936778846154 0.5823293942307692 0.5203938365384615 0.5766107524038462 0.47899416826923075 0.5785169663461539 0.4141946875 0.5766107524038462 0.37819497355769227 0.5689858942307692 0.37819497355769227 0.5613610360576924 0.4177946586538462 0.5585017163461539 0.4897940817307692 0.5565955024038461 0.5149938798076923 0.5537361802884615 0.5347937211538462 0.5670796802884616 0.5563935480769231 0.5823293942307692 0.5401936778846154
8 0.5909073581730769 0.5383936923076923 0.6013915360576922 0.5491936057692308 0.6090163942307693 0.5329937355769231 0.6099694999999999 0.5131938942307692 0.6080632860576923 0.4897940817307692 0.6013915360576922 0.4465944278846154 0.5994853221153846 0.4195946442307692 0.5937666802884615 0.4033947740384616 0.5823293942307692 0.40699474278846154 0.5756576442307693 0.4753941971153846 0.5727983221153846 0.5041939663461539 0.5737514302884615 0.5347937211538462 0.584235608173077 0.5491936057692308 0.5909073581730769 0.5383936923076923
8 0.6242661081730769 0.5473936201923076 0.6357033942307692 0.5239938076923077 0.6366565000000001 0.5077939375 0.6337971778846154 0.4771941826923077 0.6299847500000001 0.42679458653846153 0.6309378581730769 0.3871949014423077 0.6214067860576923 0.3691950456730769 0.6137819302884615 0.3997948028846154 0.6090163942307693 0.4699942403846154 0.6042508581730769 0.4987940096153846 0.6071101802884615 0.5329937355769231 0.61664125 0.5401936778846154 0.6242661081730769 0.5473936201923076
7 0.6614372860576924 0.5383936923076923 0.6747807860576922 0.5257937932692308 0.6776401057692307 0.5041939663461539 0.6719214639423078 0.4699942403846154 0.6709683557692308 0.43579451442307693 0.6662028221153846 0.39799481490384614 0.6642966057692308 0.3943948461538461 0.6576248557692307 0.4123946995192308 0.6538124278846154 0.39079487500000004 0.6480937860576923 0.3871949014423077 0.6433282499999999 0.39619482932692307 0.6414220360576923 0.42499460096153846 0.6385627139423077 0.46819425480769233 0.6385627139423077 0.4915940673076923 0.6347502860576923 0.5293937644230768 0.644281358173077 0.5401936778846154 0.6614372860576924 0.5383936923076923
7 0.702420891826923 0.5131938942307692 0.7119519639423076 0.5077939375 0.7119519639423076 0.4861941105769231 0.7062333197115385 0.46459428365384614 0.6995615697115384 0.44119447115384614 0.6928898197115385 0.3943948461538461 0.6881242860576923 0.39079487500000004 0.6881242860576923 0.4177946586538462 0.6881242860576923 0.4375945 0.68335875 0.4177946586538462 0.6776401057692307 0.3943948461538461 0.6728745697115385 0.3997948028846154 0.6719214639423078 0.4321945432692308 0.6776401057692307 0.46459428365384614 0.6747807860576922 0.5095939230769231 0.6862180697115385 0.5293937644230768 0.6976553557692308 0.5293937644230768 0.702420891826923 0.5131938942307692
7 0.703374 0.36739506009615386 0.7005146778846154 0.39079487500000004 0.703374 0.4195946442307692 0.7109988557692308 0.48079415384615387 0.7157643918269231 0.4951940384615385 0.7262485697115384 0.505993951923077 0.7367327475961538 0.47899416826923075 0.7405451778846154 0.4537943701923077 0.7300609975961538 0.42859457211538465 0.7224361418269231 0.4123946995192308 0.7129050697115384 0.3745950024038462 0.703374 0.36739506009615386
7 0.7176706057692308 0.6913924687499999 0.7281547836538462 0.7039923677884615 0.7272016778846153 0.6931924543269231 0.7243423557692308 0.6661926706730769 0.7252954639423077 0.6463928293269231 0.7272016778846153 0.6463928293269231 0.7319672139423077 0.6661926706730769 0.7367327475961538 0.7003923966346155 0.7414982836538461 0.6949924399038461 0.7453107139423077 0.6625926995192307 0.7414982836538461 0.6229930168269231 0.7443576057692307 0.6067931466346154 0.7462638197115384 0.572593420673077 0.7338734278846153 0.5563935480769231 0.7233892475961539 0.5653934759615384 0.7109988557692308 0.5581935336538462 0.6995615697115384 0.5689934471153847 0.7005146778846154 0.595993233173077 0.7052802139423077 0.6139930889423076 0.71004575 0.6391928870192308 0.7109988557692308 0.66799265625 0.7176706057692308 0.6913924687499999
7 0.7052802139423077 0.6985924110576923 0.695749141826923 0.6859925120192307 0.6871711778846153 0.6625926995192307 0.6852649639423076 0.6409928725961538 0.695749141826923 0.6643926850961539 0.7109988557692308 0.7003923966346155 0.7109988557692308 0.6823925408653846 0.7081395336538462 0.64459284375 0.7014677836538462 0.6121931033653847 0.702420891826923 0.5851933173076923 0.69670225 0.5563935480769231 0.6843118557692307 0.552793576923077 0.6757338918269231 0.5617935048076923 0.6604841778846153 0.5545935625 0.6528593221153846 0.5797933605769231 0.65667175 0.6049931610576923 0.6652497139423077 0.6301929591346155 0.67001525 0.6625926995192307 0.6814525360576924 0.6823925408653846 0.7052802139423077 0.6985924110576923
7 0.6309378581730769 0.7219922235576923 0.6471406778846155 0.739992079326923 0.6414220360576923 0.7219922235576923 0.6318909639423077 0.6823925408653846 0.6318909639423077 0.6553927572115386 0.6347502860576923 0.6553927572115386 0.6433282499999999 0.6787925697115385 0.6538124278846154 0.7219922235576923 0.6595310721153846 0.7273921802884615 0.6595310721153846 0.6913924687499999 0.6528593221153846 0.64459284375 0.6538124278846154 0.6265929879807692 0.6557186418269231 0.5905932764423076 0.6509531057692308 0.572593420673077 0.6423751442307692 0.5581935336538462 0.6328440721153845 0.5581935336538462 0.6195005721153847 0.5689934471153847 0.6090163942307693 0.5635934903846154 0.6032977500000001 0.572593420673077 0.6023446442307692 0.5869933052884615 0.6052039639423077 0.6085931322115384 0.6118757139423077 0.6355929158653846 0.6156881442307692 0.6625926995192307 0.6185474639423076 0.6931924543269231 0.6309378581730769 0.7219922235576923
8 0.6099694999999999 0.759791920673077 0.6137819302884615 0.7327921370192307 0.6071101802884615 0.6805925552884615 0.6023446442307692 0.6319929447115384 0.6023446442307692 0.5995932043269231 0.596626 0.5815933485576923 0.5832825 0.577993375 0.5785169663461539 0.5833933317307692 0.5670796802884616 0.5887932884615384 0.5670796802884616 0.6085931322115384 0.577563858173077 0.6319929447115384 0.5870949302884616 0.6805925552884615 0.5994853221153846 0.7327921370192307 0.6099694999999999 0.759791920673077
8 0.5727983221153846 0.7543919663461539 0.5747045360576923 0.7309921514423077 0.5699390024038462 0.6607927139423077 0.5708921081730769 0.6229930168269231 0.5756576442307693 0.5851933173076923 0.5680327860576923 0.576193389423077 0.5575486081730769 0.576193389423077 0.5499237524038462 0.5905932764423076 0.5451582163461539 0.6013931899038462 0.5499237524038462 0.6301929591346155 0.5585017163461539 0.712992295673077 0.5651734663461538 0.7579919350961538 0.5727983221153846 0.7543919663461539
0 0.5413457884615385 0.7633918942307693 0.550876858173077 0.7309921514423077 0.5518299663461538 0.6967924254807693 0.5527830721153847 0.6499928004807691 0.5518299663461538 0.6085931322115384 0.5394395721153846 0.5869933052884615 0.5318147163461538 0.5941932451923078 0.5280022884615385 0.6265929879807692 0.5308616081730769 0.6463928293269231 0.5308616081730769 0.6841925264423078 0.5299085024038461 0.7201922379807691 0.5413457884615385 0.7633918942307693
4 0.504174610576923 0.7453920360576922 0.5127525745192307 0.712992295673077 0.5251429663461539 0.6517927860576923 0.5289553942307692 0.5815933485576923 0.5079870384615385 0.5887932884615384 0.510846358173077 0.6355929158653846 0.5089401442307693 0.6697926418269231 0.5013152884615384 0.716592266826923 0.504174610576923 0.7453920360576922
2 0.4994090745192308 0.7219922235576923 0.5098932524038461 0.6499928004807691 0.5089401442307693 0.5851933173076923 0.4917842163461538 0.5851933173076923 0.49273732451923075 0.642792858173077 0.4936904302884615 0.7003923966346155 0.49654975240384613 0.7219922235576923 0.4994090745192308 0.7219922235576923
2 0.4851124663461538 0.7327921370192307 0.48892489423076924 0.7093923245192308 0.4917842163461538 0.6499928004807691 0.4917842163461538 0.5833933317307692 0.47558139663461535 0.5869933052884615 0.47653450240384615 0.6391928870192308 0.4746282884615385 0.6823925408653846 0.47653450240384615 0.716592266826923 0.4851124663461538 0.7327921370192307
4 0.47653450240384615 0.71479228125 0.4774876105769231 0.6337929302884615 0.47844071634615387 0.5707934326923076 0.45556614663461537 0.5617935048076923 0.4574723605769231 0.6211930312499999 0.46319100240384614 0.7183922524038462 0.4708158605769231 0.7453920360576922 0.47653450240384615 0.71479228125
0 0.44984750240384613 0.7453920360576922 0.45080061057692306 0.7201922379807691 0.4517537163461538 0.6625926995192307 0.4574723605769231 0.6301929591346155 0.46319100240384614 0.5905932764423076 0.45080061057692306 0.5635934903846154 0.43555089663461544 0.5797933605769231 0.4365040024038462 0.6301929591346155 0.43459778846153846 0.66799265625 0.4403164326923077 0.7291921658653846 0.44984750240384613 0.7453920360576922
8 0.4145825384615385 0.7345921225961539 0.4241136105769231 0.7291921658653846 0.43173846634615387 0.6841925264423078 0.44222264663461536 0.6139930889423076 0.4412695384615385 0.5797933605769231 0.42983225240384615 0.5545935625 0.4136294326923077 0.5617935048076923 0.4136294326923077 0.5815933485576923 0.4155356466346154 0.619393045673077 0.4155356466346154 0.6535927716346154 0.4107701105769231 0.712992295673077 0.4145825384615385 0.7345921225961539
8 0.37073961057692306 0.7255921947115385 0.38408311057692307 0.7057923533653846 0.4012390384615384 0.6553927572115386 0.41267632451923075 0.6103931177884616 0.4203011826923077 0.5797933605769231 0.4145825384615385 0.5581935336538462 0.4069576826923077 0.5509935913461539 0.397426610576923 0.5563935480769231 0.3898017548076923 0.5563935480769231 0.38408311057692307 0.5689934471153847 0.38408311057692307 0.6049931610576923 0.38122379086538466 0.6463928293269231 0.3669271826923077 0.712992295673077 0.37073961057692306 0.7255921947115385
7 0.33166221875 0.6859925120192307 0.33833396875 0.66799265625 0.3497712548076923 0.6301929591346155 0.3545367908653846 0.6229930168269231 0.3602554326923077 0.6319929447115384 0.35548989663461533 0.6589927283653847 0.3364277548076923 0.6913924687499999 0.34309950480769236 0.7075923389423077 0.36406786057692303 0.6751925985576922 0.37169271875 0.6553927572115386 0.3774113605769231 0.6301929591346155 0.38122379086538466 0.6067931466346154 0.3907548605769231 0.5869933052884615 0.39266107451923077 0.5653934759615384 0.3821768966346154 0.5455936346153846 0.36406786057692303 0.5419936634615385 0.35358368269230767 0.5401936778846154 0.3440526105769231 0.5401936778846154 0.33833396875 0.5635934903846154 0.34119329086538464 0.595993233173077 0.33166221875 0.6355929158653846 0.32403736298076924 0.6841925264423078 0.33166221875 0.6859925120192307
7 0.26494471875000003 0.64459284375 0.27161646875 0.6409928725961538 0.29067861298076925 0.6265929879807692 0.3068814326923077 0.6031931730769231 0.29925657692307694 0.6301929591346155 0.27828821875 0.6481928149038462 0.27542889903846157 0.66799265625 0.28495996875 0.66799265625 0.3002096826923077 0.6553927572115386 0.3154593966346154 0.6319929447115384 0.32403736298076924 0.5905932764423076 0.33738086057692307 0.5743934038461538 0.34119329086538464 0.5365937067307692 0.3297560048076923 0.5257937932692308 0.3202249326923077 0.5257937932692308 0.3078345408653846 0.5131938942307692 0.2973503629807692 0.5131938942307692 0.29067861298076925 0.5401936778846154 0.29163171875 0.5707934326923076 0.2830537548076923 0.6031931730769231 0.27256957692307693 0.619393045673077 0.26494471875000003 0.64459284375
7 0.2306328629807692 0.6247930024038462 0.24207014903846155 0.6139930889423076 0.24874189903846153 0.6265929879807692 0.26113229086538464 0.6265929879807692 0.26875714903846154 0.6121931033653847 0.27352268509615385 0.5869933052884615 0.28495996875 0.5635934903846154 0.2925848269230769 0.5347937211538462 0.29067861298076925 0.5221938221153846 0.27828821875 0.5095939230769231 0.2658978269230769 0.5095939230769231 0.25541364903846153 0.4897940817307692 0.2477887908653846 0.4951940384615385 0.2411170408653846 0.5167938653846154 0.2430232548076923 0.5545935625 0.23444529086538463 0.5923932620192308 0.22682043509615385 0.6103931177884616 0.2306328629807692 0.6247930024038462
6 0.27924132692307696 0.4915940673076923 0.3354746466346154 0.5203938365384615 0.4403164326923077 0.552793576923077 0.5480175384615384 0.5617935048076923 0.6652497139423077 0.5545935625 0.7310141057692309 0.5113939086538462 0.7491231418269231 0.46819425480769233 0.7491231418269231 0.4303945576923077 0.7405451778846154 0.37099503125 0.7157643918269231 0.34759521875000005 0.6785932139423078 0.34759521875000005 0.510846358173077 0.36379508894230767 0.39266107451923077 0.32599539182692305 0.33928707692307697 0.32599539182692305 0.30497521875 0.3025955793269231 0.2697102548076923 0.32959536298076925 0.2592260769230769 0.36199510336538465 0.2535074350961538 0.41059471634615385 0.25636675480769233 0.4537943701923077 0.27924132692307696 0.4915940673076923
5 0.13150972115384615 0.6415868677884615 0.16868089903846156 0.6973864206730769 0.21824247115384615 0.7135862908653846 0.24492947115384614 0.7423860600961538 0.31355318269230764 0.8125855000000001 0.397426610576923 0.8719850240384616 0.45842546634615383 0.8881848942307692 0.5394395721153846 0.8881848942307692 0.6214067860576923 0.8755849951923077 0.6862180697115385 0.8233854134615384 0.7557948918269232 0.7639858870192308 0.775810141826923 0.7603859182692307 0.8186999615384616 0.7369861033653847 0.8434807475961539 0.6901864783653846 0.8463400673076923 0.6397868822115385 0.8406214254807692 0.5623875 0.8406214254807692 0.48858809134615383 0.8491993894230769 0.4075887379807692 0.8644491033653845 0.3409892716346154 0.8673084254807691 0.2599899206730769 0.8568242475961539 0.22579019230769232 0.8406214254807692 0.23299013701923077 0.8301372475961538 0.2755957956730769 0.8272779254807693 0.3157894735576923 0.8082157836538462 0.40038879807692307 0.7834349975961538 0.4327885384615385 0.7615135336538461 0.4237886105769231 0.7472169278846154 0.38418892548076927 0.7367327475961538 0.35358917067307694 0.7233892475961539 0.3157894735576923 0.7109988557692308 0.28698970432692306 0.6938429278846154 0.28698970432692306 0.6871711778846153 0.30138958894230766 0.6824056418269231 0.3247894014423077 0.6881242860576923 0.35718914182692313 0.7109988557692308 0.39138887019230767 0.7262485697115384 0.4039887668269231 0.7424513918269231 0.4453884375 0.7376858557692307 0.49758801923076923 0.7214830336538461 0.5263877884615384 0.6671559278846153 0.5587875288461539 0.5909073581730769 0.560587514423077 0.46700343028846153 0.5551875576923077 0.3507243605769231 0.5263877884615384 0.26875714903846154 0.4849881201923077 0.25541364903846153 0.4453884375 0.26017918509615384 0.40218878365384614 0.2668509350961539 0.3607891129807692 0.27924132692307696 0.3265893870192308 0.30211589903846153 0.2977896177884615 0.3145062908653846 0.2599899206730769 0.31355318269230764 0.21499028125 0.3002096826923077 0.19159046634615384 0.28210064903846155 0.19519043990384616 0.27161646875 0.23479012259615384 0.25160122115384614 0.2887896899038461 0.22586732692307693 0.3229894158653846 0.18202439903846154 0.33018935817307693 0.15438429326923078 0.2833897331730769 0.14771254326923075 0.23839009374999998 0.14008768509615385 0.2023903798076923 0.12388486538461539 0.1699906394230769 0.11149447115384616 0.1699906394230769 0.10101029326923078 0.19159046634615384 0.10101029326923078 0.22579019230769232 0.11721311538461537 0.2863957091346154 0.13246282932692308 0.42018863942307694 0.12483797115384615 0.5569875432692307 0.13150972115384615 0.6415868677884615