7 0.25160122115384614 0.5167938653846154 0.26399161298076923 0.5149938798076923 0.2706633629807692 0.49339405288461535 0.27733511298076924 0.4195946442307692 0.2744757908653846 0.3871949014423077 0.2658978269230769 0.3853949182692308 0.2582729711538462 0.40159478605769233 0.24874189903846153 0.43579451442307693 0.23825772115384616 0.4699942403846154 0.2392108269230769 0.5005939951923077 0.24588257692307694 0.5077939375 0.25160122115384614 0.5167938653846154
7 0.28210064903846155 0.5347937211538462 0.29163171875 0.5293937644230768 0.29830346875 0.5455936346153846 0.31164696875 0.5293937644230768 0.3145062908653846 0.5095939230769231 0.30974075480769236 0.48259413942307694 0.31164696875 0.4231946153846154 0.31355318269230764 0.39079487500000004 0.3078345408653846 0.3691950456730769 0.3011627908653846 0.3691950456730769 0.2954441490384615 0.38359493028846153 0.2897255048076923 0.38179494471153846 0.2811475408653846 0.3853949182692308 0.2801944350961538 0.3943948461538461 0.2801944350961538 0.45739434134615387 0.27542889903846157 0.48079415384615387 0.2706633629807692 0.4951940384615385 0.2706633629807692 0.5203938365384615 0.28210064903846155 0.5347937211538462
7 0.32403736298076924 0.552793576923077 0.33261532692307694 0.5383936923076923 0.3459588269230769 0.5473936201923076 0.3564430048076923 0.5293937644230768 0.3545367908653846 0.5095939230769231 0.3526305769230769 0.4735942115384616 0.3507243605769231 0.44479444230769233 0.3478650408653846 0.40519475961538465 0.34500571875 0.37639498798076926 0.3335684326923077 0.37279501682692306 0.32403736298076924 0.3853949182692308 0.31927182692307693 0.41059471634615385 0.31831871875 0.4735942115384616 0.3145062908653846 0.505993951923077 0.3126000769230769 0.53119375 0.31355318269230764 0.5419936634615385 0.32403736298076924 0.552793576923077
8 0.3831300048076923 0.5419936634615385 0.38789553846153846 0.5131938942307692 0.38503621875000005 0.48259413942307694 0.37836446875 0.42139462740384614 0.3669271826923077 0.37639498798076926 0.35834921875 0.36379508894230767 0.3545367908653846 0.37819497355769227 0.35548989663461533 0.4141946875 0.35834921875 0.48259413942307694 0.35834921875 0.5167938653846154 0.36216164663461536 0.5419936634615385 0.37169271875 0.5419936634615385 0.3831300048076923 0.5419936634615385
8 0.3821768966346154 0.45019439903846153 0.3831300048076923 0.53119375 0.3964735048076923 0.5509935913461539 0.4031452548076923 0.53119375 0.41267632451923075 0.5419936634615385 0.41839496875000004 0.5113939086538462 0.4145825384615385 0.4465944278846154 0.4021921466346154 0.38179494471153846 0.3898017548076923 0.36379508894230767 0.3831300048076923 0.3943948461538461 0.3821768966346154 0.45019439903846153
0 0.42697293269230774 0.552793576923077 0.4403164326923077 0.5131938942307692 0.4365040024038462 0.47899416826923075 0.4326915745192308 0.41599467067307694 0.4241136105769231 0.3745950024038462 0.41648875240384614 0.3529951754807692 0.4098170024038461 0.3565951466346154 0.4098170024038461 0.41059471634615385 0.4107701105769231 0.4537943701923077 0.4107701105769231 0.484394125 0.41172321875 0.5221938221153846 0.41648875240384614 0.5491936057692308 0.42697293269230774 0.552793576923077
4 0.4603316802884615 0.4141946875 0.4517537163461538 0.36379508894230767 0.4441288605769231 0.34039527644230766 0.43841021634615385 0.34039527644230766 0.4365040024038462 0.37819497355769227 0.4393633245192308 0.47179422596153847 0.4412695384615385 0.5419936634615385 0.46509721634615386 0.5401936778846154 0.46319100240384614 0.4735942115384616 0.4603316802884615 0.4141946875
2 0.48987800240384616 0.39799481490384614 0.48225314423076926 0.3529951754807692 0.47367518028846156 0.3385952908653846 0.46414411057692306 0.35119518990384613 0.4603316802884615 0.37819497355769227 0.4622378966346154 0.4339945288461538 0.46414411057692306 0.49339405288461535 0.46795653846153845 0.5455936346153846 0.49845596634615386 0.5419936634615385 0.4955966442307692 0.48079415384615387 0.4917842163461538 0.44299445673076926 0.48987800240384616 0.39799481490384614
2 0.524189858173077 0.3745950024038462 0.5165650024038462 0.34039527644230766 0.5060808245192308 0.3331953341346154 0.49750286057692306 0.3565951466346154 0.49750286057692306 0.4141946875 0.49750286057692306 0.4537943701923077 0.49750286057692306 0.48259413942307694 0.5003621802884616 0.5401936778846154 0.5308616081730769 0.5365937067307692 0.5289553942307692 0.4735942115384616 0.5260960745192308 0.44119447115384614 0.524189858173077 0.3745950024038462
4 0.5546892860576923 0.4519943846153846 0.5518299663461538 0.3997948028846154 0.5432520024038461 0.3565951466346154 0.5318147163461538 0.3601951177884616 0.5289553942307692 0.39799481490384614 0.5299085024038461 0.4699942403846154 0.5308616081730769 0.53119375 0.5556423942307692 0.53119375 0.5556423942307692 0.4897940817307692 0.5546892860576923 0.4519943846153846
0 0.5832825 0.37819497355769227 0.577563858173077 0.3187954495192308 0.5661265721153846 0.3133954927884615 0.5585017163461539 0.35119518990384613 0.5556423942307692 0.40699474278846154 0.5556423942307692 0.45919432692307693 0.5556423942307692 0.5095939230769231 0.5747045360576923 0.5437936490384615 0.58995425 0.49699402403846155 0.5861418221153847 0.4465944278846154 0.5832825 0.37819497355769227
8 0.5956728942307692 0.5185938509615384 0.6071101802884615 0.5401936778846154 0.61664125 0.5077939375 0.6128288221153846 0.42679458653846153 0.6080632860576923 0.3601951177884616 0.6004384302884616 0.3349953197115385 0.58995425 0.3349953197115385 0.5823293942307692 0.3853949182692308 0.5813762860576923 0.4231946153846154 0.577563858173077 0.46819425480769233 0.5747045360576923 0.505993951923077 0.5823293942307692 0.5329937355769231 0.5956728942307692 0.5185938509615384
8 0.623313 0.5167938653846154 0.6309378581730769 0.5239938076923077 0.6433282499999999 0.5095939230769231 0.6414220360576923 0.46819425480769233 0.6414220360576923 0.3997948028846154 0.6414220360576923 0.3547951610576923 0.6328440721153845 0.3367953052884615 0.6261723221153846 0.3493952043269231 0.617594358173077 0.3925948581730769 0.6080632860576923 0.44299445673076926 0.6042508581730769 0.4735942115384616 0.6032977500000001 0.5203938365384615 0.6109226081730769 0.5203938365384615 0.623313 0.5167938653846154
7 0.662390391826923 0.505993951923077 0.6785932139423078 0.5167938653846154 0.6881242860576923 0.5005939951923077 0.6881242860576923 0.4699942403846154 0.6824056418269231 0.43579451442307693 0.6862180697115385 0.3925948581730769 0.6862180697115385 0.3601951177884616 0.6804994278846154 0.35839513221153846 0.6719214639423078 0.3943948461538461 0.6728745697115385 0.3493952043269231 0.6681090360576923 0.34039527644230766 0.6604841778846153 0.3457952331730769 0.6519062139423077 0.37819497355769227 0.6519062139423077 0.40159478605769233 0.6471406778846155 0.41599467067307694 0.6452344639423077 0.43939448557692307 0.6376096081730769 0.46279429807692307 0.6347502860576923 0.49339405288461535 0.6509531057692308 0.5203938365384615 0.662390391826923 0.505993951923077
7 0.7052802139423077 0.5095939230769231 0.7119519639423076 0.4987940096153846 0.7262485697115384 0.49699402403846155 0.7329203197115385 0.47899416826923075 0.7310141057692309 0.46279429807692307 0.7224361418269231 0.42679458653846153 0.7224361418269231 0.41059471634615385 0.7214830336538461 0.37279501682692306 0.7214830336538461 0.34399524759615385 0.7138581778846155 0.32959536298076925 0.7052802139423077 0.32959536298076925 0.6928898197115385 0.34759521875000005 0.6928898197115385 0.4123946995192308 0.6900305 0.44479444230769233 0.6871711778846153 0.45919432692307693 0.6862180697115385 0.4771941826923077 0.6938429278846154 0.5005939951923077 0.7052802139423077 0.5095939230769231
7 0.7624666418269231 0.41059471634615385 0.7538886778846153 0.39079487500000004 0.7443576057692307 0.36379508894230767 0.7443576057692307 0.3313953485576923 0.7329203197115385 0.3331953341346154 0.7272016778846153 0.36199510336538465 0.7262485697115384 0.3925948581730769 0.7300609975961538 0.4231946153846154 0.7348265336538462 0.4699942403846154 0.7462638197115384 0.4897940817307692 0.7577011057692308 0.47899416826923075 0.7605604278846154 0.4663942692307692 0.7729508197115386 0.45739434134615387 0.769138391826923 0.42679458653846153 0.7624666418269231 0.41059471634615385
7 0.7538886778846153 0.6661926706730769 0.7634197475961538 0.6661926706730769 0.7653259615384616 0.6571927427884615 0.7615135336538461 0.6319929447115384 0.7624666418269231 0.6031931730769231 0.769138391826923 0.6121931033653847 0.775810141826923 0.6481928149038462 0.7843881057692308 0.6499928004807691 0.7882005336538461 0.6355929158653846 0.7834349975961538 0.5995932043269231 0.7777163557692308 0.5653934759615384 0.7796225697115384 0.5401936778846154 0.7748570336538462 0.5095939230769231 0.7615135336538461 0.4987940096153846 0.7519824615384615 0.5149938798076923 0.7367327475961538 0.5077939375 0.7281547836538462 0.5221938221153846 0.7252954639423077 0.5491936057692308 0.7348265336538462 0.5833933317307692 0.7395920697115385 0.6049931610576923 0.7472169278846154 0.6481928149038462 0.7538886778846153 0.6661926706730769
7 0.7195768197115384 0.7021923822115385 0.7338734278846153 0.7075923389423077 0.7214830336538461 0.6751925985576922 0.7148112836538462 0.6409928725961538 0.7167174999999999 0.6175930600961539 0.7272016778846153 0.6499928004807691 0.7386389639423078 0.6985924110576923 0.7453107139423077 0.6985924110576923 0.7414982836538461 0.6697926418269231 0.7357796418269231 0.6247930024038462 0.7281547836538462 0.576193389423077 0.7281547836538462 0.5671934615384615 0.7243423557692308 0.5347937211538462 0.7167174999999999 0.5275937788461539 0.69670225 0.5401936778846154 0.6852649639423076 0.5401936778846154 0.6747807860576922 0.5545935625 0.6804994278846154 0.5797933605769231 0.6862180697115385 0.6031931730769231 0.6928898197115385 0.6229930168269231 0.703374 0.6607927139423077 0.7195768197115384 0.7021923822115385
7 0.6604841778846153 0.716592266826923 0.6662028221153846 0.7111923100961538 0.662390391826923 0.6877924975961538 0.6585779639423077 0.6571927427884615 0.6614372860576924 0.6355929158653846 0.6662028221153846 0.642792858173077 0.6757338918269231 0.6751925985576922 0.6881242860576923 0.7111923100961538 0.6909836057692308 0.6967924254807693 0.6862180697115385 0.6661926706730769 0.6757338918269231 0.6013931899038462 0.6738276778846154 0.5581935336538462 0.6671559278846153 0.5419936634615385 0.6538124278846154 0.5455936346153846 0.6461875721153846 0.5599935192307692 0.6309378581730769 0.5473936201923076 0.6204536802884615 0.5473936201923076 0.6204536802884615 0.5797933605769231 0.6347502860576923 0.6085931322115384 0.6414220360576923 0.6409928725961538 0.6480937860576923 0.6877924975961538 0.6604841778846153 0.716592266826923
8 0.6385627139423077 0.739992079326923 0.6366565000000001 0.6967924254807693 0.6299847500000001 0.6535927716346154 0.6242661081730769 0.6031931730769231 0.6271254302884616 0.5707934326923076 0.6214067860576923 0.5545935625 0.6128288221153846 0.552793576923077 0.6061570721153846 0.552793576923077 0.5985322163461538 0.5635934903846154 0.5880480360576923 0.5635934903846154 0.5880480360576923 0.5869933052884615 0.5985322163461538 0.6211930312499999 0.6185474639423076 0.6931924543269231 0.6299847500000001 0.739992079326923 0.6385627139423077 0.739992079326923
8 0.6032977500000001 0.7363921081730769 0.6032977500000001 0.712992295673077 0.6023446442307692 0.6481928149038462 0.6023446442307692 0.595993233173077 0.5975791081730769 0.5599935192307692 0.5804231802884615 0.5509935913461539 0.5718452163461538 0.5707934326923076 0.5689858942307692 0.5977932163461538 0.5766107524038462 0.6301929591346155 0.5813762860576923 0.6733926129807692 0.5918604663461539 0.7309921514423077 0.6032977500000001 0.7363921081730769
0 0.5747045360576923 0.7453920360576922 0.5785169663461539 0.716592266826923 0.5766107524038462 0.6733926129807692 0.5756576442307693 0.6139930889423076 0.5718452163461538 0.5815933485576923 0.5651734663461538 0.5653934759615384 0.5527830721153847 0.552793576923077 0.5470644302884615 0.5635934903846154 0.5422988942307693 0.5869933052884615 0.5451582163461539 0.6265929879807692 0.5546892860576923 0.6823925408653846 0.5651734663461538 0.7417920649038462 0.5747045360576923 0.7453920360576922
4 0.5432520024038461 0.7579919350961538 0.5451582163461539 0.7039923677884615 0.5451582163461539 0.6301929591346155 0.5432520024038461 0.5563935480769231 0.5165650024038462 0.5581935336538462 0.5213305384615384 0.6247930024038462 0.5289553942307692 0.689592483173077 0.5375333581730769 0.7543919663461539 0.5432520024038461 0.7579919350961538
2 0.5175181081730769 0.7291921658653846 0.5194243245192308 0.6877924975961538 0.5203774302884615 0.6319929447115384 0.5222836442307692 0.577993375 0.5003621802884616 0.5743934038461538 0.5032215024038462 0.6301929591346155 0.5089401442307693 0.7183922524038462 0.5156118942307693 0.7435920504807693 0.5175181081730769 0.7291921658653846
2 0.49654975240384613 0.7471920216346154 0.49654975240384613 0.7003923966346155 0.4994090745192308 0.6229930168269231 0.4994090745192308 0.572593420673077 0.48034693028846154 0.576193389423077 0.4813000384615385 0.6283929735576923 0.48606557451923077 0.6967924254807693 0.4917842163461538 0.7561919495192307 0.49654975240384613 0.7471920216346154
4 0.4574723605769231 0.7507919927884615 0.4660503245192308 0.7453920360576922 0.4708158605769231 0.712992295673077 0.47844071634615387 0.6409928725961538 0.4832062524038462 0.5689934471153847 0.45937857451923075 0.576193389423077 0.45937857451923075 0.6373929014423076 0.45842546634615383 0.6697926418269231 0.45556614663461537 0.7291921658653846 0.4574723605769231 0.7507919927884615
0 0.4365040024038462 0.7471920216346154 0.44698818269230767 0.7093923245192308 0.45461303846153844 0.64459284375 0.4622378966346154 0.5905932764423076 0.44603507451923075 0.5653934759615384 0.4326915745192308 0.5815933485576923 0.4326915745192308 0.6301929591346155 0.42506671875 0.6931924543269231 0.4279260384615385 0.7417920649038462 0.4365040024038462 0.7471920216346154
8 0.41172321875 0.7471920216346154 0.4241136105769231 0.689592483173077 0.42983225240384615 0.6373929014423076 0.43459778846153846 0.5869933052884615 0.42506671875 0.5635934903846154 0.40886389663461536 0.572593420673077 0.40505146875 0.5923932620192308 0.4031452548076923 0.64459284375 0.4021921466346154 0.7111923100961538 0.4021921466346154 0.759791920673077 0.41172321875 0.7471920216346154
8 0.3774113605769231 0.759791920673077 0.3859893245192308 0.7327921370192307 0.39170796874999997 0.6949924399038461 0.3964735048076923 0.6625926995192307 0.40409836057692305 0.6229930168269231 0.41172321875 0.5905932764423076 0.40791078846153844 0.576193389423077 0.4012390384615384 0.576193389423077 0.3964735048076923 0.5671934615384615 0.37550514663461537 0.577993375 0.37550514663461537 0.619393045673077 0.3726458245192308 0.6931924543269231 0.37169271875 0.7489920072115385 0.3774113605769231 0.759791920673077
7 0.31927182692307693 0.7381920937500001 0.3278497908653846 0.7273921802884615 0.3364277548076923 0.6823925408653846 0.34309950480769236 0.6607927139423077 0.3478650408653846 0.6589927283653847 0.3478650408653846 0.6859925120192307 0.33738086057692307 0.7381920937500001 0.3402401826923077 0.7489920072115385 0.35167746875000006 0.7345921225961539 0.3612085408653846 0.6841925264423078 0.36502096875 0.6391928870192308 0.37645825480769235 0.5869933052884615 0.37455204086538463 0.572593420673077 0.3631147548076923 0.5707934326923076 0.3545367908653846 0.5815933485576923 0.3469119326923077 0.5689934471153847 0.3354746466346154 0.5671934615384615 0.32880289663461537 0.5941932451923078 0.32880289663461537 0.6211930312499999 0.32499046875 0.6535927716346154 0.3173656129807692 0.712992295673077 0.31927182692307693 0.7381920937500001
7 0.2668509350961539 0.7255921947115385 0.27542889903846157 0.712992295673077 0.29163171875 0.6535927716346154 0.2973503629807692 0.6499928004807691 0.28210064903846155 0.7003923966346155 0.2801944350961538 0.7345921225961539 0.2954441490384615 0.712992295673077 0.30974075480769236 0.6643926850961539 0.3173656129807692 0.6229930168269231 0.3278497908653846 0.5941932451923078 0.3259435769230769 0.572593420673077 0.3154593966346154 0.5635934903846154 0.30306900480769233 0.572593420673077 0.3002096826923077 0.5653934759615384 0.28495996875 0.5581935336538462 0.27733511298076924 0.5815933485576923 0.27733511298076924 0.6139930889423076 0.26875714903846154 0.6733926129807692 0.26113229086538464 0.71479228125 0.2668509350961539 0.7255921947115385
7 0.22777354086538462 0.6805925552884615 0.23349218509615385 0.6841925264423078 0.24397636298076925 0.6661926706730769 0.2535074350961538 0.6409928725961538 0.2544605408653846 0.6769925841346154 0.2592260769230769 0.7075923389423077 0.2678040408653846 0.6697926418269231 0.27256957692307693 0.6247930024038462 0.2744757908653846 0.5977932163461538 0.2811475408653846 0.5743934038461538 0.27828821875 0.5563935480769231 0.2697102548076923 0.5383936923076923 0.2582729711538462 0.552793576923077 0.24588257692307694 0.5401936778846154 0.23730461298076921 0.5635934903846154 0.2392108269230769 0.5977932163461538 0.2411170408653846 0.6229930168269231 0.23349218509615385 0.6481928149038462 0.22777354086538462 0.6805925552884615
6 0.27733511298076924 0.5401936778846154 0.3831300048076923 0.5581935336538462 0.5032215024038462 0.5491936057692308 0.6242661081730769 0.5347937211538462 0.7119519639423076 0.5221938221153846 0.7729508197115386 0.47899416826923075 0.7777163557692308 0.42859457211538465 0.7719977115384615 0.37999495913461534 0.7538886778846153 0.3169954639423077 0.7138581778846155 0.31159550721153845 0.6585779639423077 0.32059543509615385 0.5623141442307692 0.29719562259615384 0.5098932524038461 0.3169954639423077 0.4231605024038462 0.32599539182692305 0.39552039663461536 0.3277953774038461 0.3402401826923077 0.3529951754807692 0.2811475408653846 0.3565951466346154 0.2535074350961538 0.36559507451923073 0.23444529086538463 0.4033947740384616 0.22396111298076923 0.45919432692307693 0.2325390769230769 0.5185938509615384 0.27733511298076924 0.5401936778846154
5 0.08290125721153846 0.2449960408653846 0.07718261538461538 0.30439556490384617 0.1000571875 0.3997948028846154 0.11911932932692307 0.5131938942307692 0.14104079326923077 0.6643926850961539 0.16296225721153845 0.7453920360576922 0.18964925721153847 0.7921916634615385 0.22396111298076923 0.7993916033653845 0.27828821875 0.8389912884615385 0.35358368269230767 0.8929908557692308 0.4403164326923077 0.9271905817307692 0.5432520024038461 0.921790625 0.6223598942307693 0.8947908413461538 0.7043271057692307 0.8479912163461538 0.7786694615384615 0.78499171875 0.8053564615384615 0.7723918221153846 0.8310903533653846 0.7687918509615385 0.8577773533653846 0.7309921514423077 0.8768394975961539 0.6481928149038462 0.9016202812499999 0.4951940384615385 0.935932139423077 0.34399524759615385 0.9521349591346154 0.2521959831730769 0.9387914591346154 0.19999639903846156 0.9178231033653846 0.1873965 0.902573389423077 0.2197962403846154 0.8939954254807693 0.28999568028846157 0.8777926033653846 0.32059543509615385 0.8463400673076923 0.32599539182692305 0.8263248197115385 0.30619555048076924 0.8110751057692307 0.2611959110576923 0.8063095697115384 0.21619626923076923 0.7967784975961538 0.19279645673076923 0.7710446057692307 0.1873965 0.7577011057692308 0.2233962139423077 0.7653259615384616 0.2755957956730769 0.7767632475961539 0.3331953341346154 0.7834349975961538 0.42679458653846153 0.7796225697115384 0.4735942115384616 0.7538886778846153 0.49699402403846155 0.6757338918269231 0.5275937788461539 0.544205108173077 0.5473936201923076 0.45651925240384617 0.5563935480769231 0.3364277548076923 0.5563935480769231 0.23730461298076921 0.5203938365384615 0.2325390769230769 0.5023939807692307 0.23635150480769232 0.43939448557692307 0.24016393509615386 0.39799481490384614 0.24207014903846155 0.3547951610576923 0.2544605408653846 0.3133954927884615 0.24874189903846153 0.27199582451923077 0.2306328629807692 0.2521959831730769 0.20966450721153845 0.2755957956730769 0.20203964903846156 0.3331953341346154 0.17725886298076923 0.35839513221153846 0.1524780793269231 0.35839513221153846 0.13055661538461538 0.3277953774038461 0.12007243509615385 0.27379581009615384 0.11721311538461537 0.2377960985576923 0.09624475721153845 0.2233962139423077 0.08290125721153846 0.2449960408653846