7 0.24397636298076925 0.5149938798076923 0.25541364903846153 0.5275937788461539 0.2678040408653846 0.505993951923077 0.2678040408653846 0.4753941971153846 0.2630385048076923 0.42139462740384614 0.25255432692307694 0.37279501682692306 0.2392108269230769 0.37279501682692306 0.23635150480769232 0.4123946995192308 0.23539839903846155 0.44119447115384614 0.22682043509615385 0.4771941826923077 0.22682043509615385 0.505993951923077 0.23444529086538463 0.5167938653846154 0.24397636298076925 0.5149938798076923
7 0.2868661826923077 0.5275937788461539 0.3011627908653846 0.5329937355769231 0.31164696875 0.5167938653846154 0.3126000769230769 0.48799409615384615 0.3059283269230769 0.43939448557692307 0.29830346875 0.3925948581730769 0.2878192908653846 0.3601951177884616 0.27733511298076924 0.35839513221153846 0.27256957692307693 0.38359493028846153 0.27542889903846157 0.40879473076923073 0.27542889903846157 0.4537943701923077 0.2706633629807692 0.48079415384615387 0.2706633629807692 0.5095939230769231 0.27733511298076924 0.5239938076923077 0.2868661826923077 0.5275937788461539
7 0.3297560048076923 0.35839513221153846 0.31831871875 0.3529951754807692 0.3173656129807692 0.37999495913461534 0.3164125048076923 0.42679458653846153 0.3164125048076923 0.48079415384615387 0.3154593966346154 0.5257937932692308 0.3268966826923077 0.5455936346153846 0.33738086057692307 0.5383936923076923 0.3488181466346154 0.5383936923076923 0.35834921875 0.5239938076923077 0.3573961105769231 0.49699402403846155 0.35167746875000006 0.46279429807692307 0.3440526105769231 0.42679458653846153 0.3402401826923077 0.3889948870192308 0.3297560048076923 0.35839513221153846
8 0.3564430048076923 0.36379508894230767 0.3526305769230769 0.3691950456730769 0.35167746875000006 0.39619482932692307 0.35358368269230767 0.45919432692307693 0.35834921875 0.5365937067307692 0.3612085408653846 0.5455936346153846 0.3735989326923077 0.5545935625 0.3802706826923077 0.5401936778846154 0.38503621875000005 0.5401936778846154 0.3898017548076923 0.5239938076923077 0.3859893245192308 0.4987940096153846 0.3802706826923077 0.4735942115384616 0.37550514663461537 0.4177946586538462 0.3669271826923077 0.37639498798076926 0.3564430048076923 0.36379508894230767
8 0.3993328245192308 0.3853949182692308 0.3869424326923077 0.36199510336538465 0.38122379086538466 0.3853949182692308 0.3859893245192308 0.4321945432692308 0.3869424326923077 0.47899416826923075 0.3898017548076923 0.5383936923076923 0.4021921466346154 0.5563935480769231 0.41648875240384614 0.5401936778846154 0.4193480745192308 0.5023939807692307 0.4107701105769231 0.4519943846153846 0.3993328245192308 0.3853949182692308
0 0.41172321875 0.3367953052884615 0.4021921466346154 0.3385952908653846 0.4031452548076923 0.37279501682692306 0.41267632451923075 0.4321945432692308 0.4203011826923077 0.5149938798076923 0.4279260384615385 0.5419936634615385 0.4365040024038462 0.5509935913461539 0.45080061057692306 0.5221938221153846 0.44794128846153847 0.49339405288461535 0.4403164326923077 0.44479444230769233 0.43173846634615387 0.40879473076923073 0.4222073966346154 0.36379508894230767 0.41172321875 0.3367953052884615
4 0.45651925240384617 0.35839513221153846 0.44794128846153847 0.34399524759615385 0.4393633245192308 0.3529951754807692 0.44222264663461536 0.3853949182692308 0.44698818269230767 0.42859457211538465 0.45080061057692306 0.4699942403846154 0.44984750240384613 0.5293937644230768 0.48034693028846154 0.5275937788461539 0.4746282884615385 0.4663942692307692 0.46509721634615386 0.40159478605769233 0.45651925240384617 0.35839513221153846
2 0.49654975240384613 0.36559507451923073 0.48701868028846157 0.34399524759615385 0.47653450240384615 0.35839513221153846 0.47558139663461535 0.39619482932692307 0.4774876105769231 0.45019439903846153 0.4774876105769231 0.4897940817307692 0.48034693028846154 0.53119375 0.5070339302884616 0.53119375 0.5060808245192308 0.48079415384615387 0.504174610576923 0.4123946995192308 0.49654975240384613 0.36559507451923073
2 0.5280022884615385 0.40519475961538465 0.5232367524038462 0.35119518990384613 0.5127525745192307 0.3367953052884615 0.5032215024038462 0.3601951177884616 0.5070339302884616 0.4339945288461538 0.5089401442307693 0.4771941826923077 0.5089401442307693 0.53119375 0.5394395721153846 0.53119375 0.5356271442307692 0.47179422596153847 0.5280022884615385 0.40519475961538465
4 0.5670796802884616 0.40159478605769233 0.5651734663461538 0.3457952331730769 0.5546892860576923 0.3331953341346154 0.5470644302884615 0.35119518990384613 0.5403926802884615 0.3871949014423077 0.5394395721153846 0.45739434134615387 0.5394395721153846 0.5149938798076923 0.5651734663461538 0.5203938365384615 0.5670796802884616 0.46819425480769233 0.5670796802884616 0.40159478605769233
0 0.6004384302884616 0.5041939663461539 0.5956728942307692 0.4555943557692308 0.5994853221153846 0.39619482932692307 0.6080632860576923 0.3529951754807692 0.6090163942307693 0.3223954206730769 0.6004384302884616 0.31159550721153845 0.5918604663461539 0.31159550721153845 0.5832825 0.3565951466346154 0.5766107524038462 0.3925948581730769 0.5699390024038462 0.44299445673076926 0.5670796802884616 0.48799409615384615 0.5670796802884616 0.5023939807692307 0.5823293942307692 0.53119375 0.6004384302884616 0.5041939663461539
8 0.6128288221153846 0.5275937788461539 0.6185474639423076 0.53119375 0.6328440721153845 0.5023939807692307 0.6290316442307693 0.46099431249999995 0.6309378581730769 0.4123946995192308 0.6309378581730769 0.37099503125 0.6290316442307693 0.3457952331730769 0.61664125 0.3385952908653846 0.6061570721153846 0.36199510336538465 0.6013915360576922 0.4195946442307692 0.6023446442307692 0.43939448557692307 0.5994853221153846 0.48259413942307694 0.5994853221153846 0.5203938365384615 0.6080632860576923 0.5365937067307692 0.6128288221153846 0.5275937788461539
8 0.6480937860576923 0.5257937932692308 0.6614372860576924 0.5275937788461539 0.6614372860576924 0.4951940384615385 0.65667175 0.4555943557692308 0.6557186418269231 0.38359493028846153 0.6480937860576923 0.34759521875000005 0.6376096081730769 0.35839513221153846 0.6318909639423077 0.40159478605769233 0.6299847500000001 0.44479444230769233 0.6290316442307693 0.48799409615384615 0.6290316442307693 0.5239938076923077 0.6376096081730769 0.5383936923076923 0.6480937860576923 0.5257937932692308
7 0.68335875 0.5095939230769231 0.6928898197115385 0.5185938509615384 0.7071864278846154 0.49699402403846155 0.7014677836538462 0.44479444230769233 0.7062333197115385 0.40699474278846154 0.7052802139423077 0.37639498798076926 0.6947960360576922 0.3601951177884616 0.6785932139423078 0.36559507451923073 0.6690621418269231 0.38359493028846153 0.6662028221153846 0.42499460096153846 0.662390391826923 0.4663942692307692 0.6595310721153846 0.49699402403846155 0.6662028221153846 0.5185938509615384 0.68335875 0.5095939230769231
7 0.7319672139423077 0.5131938942307692 0.7462638197115384 0.5041939663461539 0.7510293557692307 0.47179422596153847 0.7434044975961539 0.43579451442307693 0.7405451778846154 0.3997948028846154 0.7348265336538462 0.3601951177884616 0.7319672139423077 0.3313953485576923 0.7243423557692308 0.3367953052884615 0.7148112836538462 0.37819497355769227 0.7071864278846154 0.42499460096153846 0.7071864278846154 0.4483944134615384 0.7052802139423077 0.48079415384615387 0.7062333197115385 0.5113939086538462 0.7233892475961539 0.5185938509615384 0.7319672139423077 0.5131938942307692
7 0.7786694615384615 0.49699402403846155 0.7910598557692308 0.4951940384615385 0.7948722836538462 0.45919432692307693 0.7824818918269231 0.4231946153846154 0.7767632475961539 0.35839513221153846 0.7681852836538462 0.3349953197115385 0.7567479975961539 0.36199510336538465 0.7500762475961539 0.4375945 0.7500762475961539 0.48799409615384615 0.7557948918269232 0.5041939663461539 0.7739039254807693 0.5041939663461539 0.7786694615384615 0.49699402403846155
7 0.7996378197115385 0.6535927716346154 0.7862943197115384 0.6121931033653847 0.8110751057692307 0.6355929158653846 0.8110751057692307 0.6103931177884616 0.8005909254807692 0.5833933317307692 0.7967784975961538 0.5653934759615384 0.7967784975961538 0.5437936490384615 0.7901067475961538 0.5113939086538462 0.7748570336538462 0.5149938798076923 0.7662790697115385 0.5239938076923077 0.7510293557692307 0.5221938221153846 0.7414982836538461 0.5437936490384615 0.7443576057692307 0.5653934759615384 0.7557948918269232 0.5977932163461538 0.7719977115384615 0.6355929158653846 0.7910598557692308 0.6535927716346154 0.7996378197115385 0.6535927716346154
7 0.7472169278846154 0.716592266826923 0.7329203197115385 0.6571927427884615 0.7348265336538462 0.6499928004807691 0.7567479975961539 0.7075923389423077 0.7615135336538461 0.6967924254807693 0.7491231418269231 0.6391928870192308 0.7434044975961539 0.5995932043269231 0.7424513918269231 0.5581935336538462 0.7348265336538462 0.5365937067307692 0.7252954639423077 0.5365937067307692 0.7148112836538462 0.5491936057692308 0.7148112836538462 0.5401936778846154 0.703374 0.5437936490384615 0.6928898197115385 0.5581935336538462 0.6947960360576922 0.5905932764423076 0.703374 0.6175930600961539 0.7176706057692308 0.6715926274038462 0.7405451778846154 0.7183922524038462 0.7472169278846154 0.716592266826923
7 0.69670225 0.739992079326923 0.6900305 0.7183922524038462 0.6776401057692307 0.6805925552884615 0.6776401057692307 0.6517927860576923 0.6900305 0.6607927139423077 0.7052802139423077 0.716592266826923 0.7176706057692308 0.7201922379807691 0.7081395336538462 0.6769925841346154 0.6919367139423076 0.6157930745192307 0.6909836057692308 0.5905932764423076 0.6890773918269232 0.552793576923077 0.6757338918269231 0.552793576923077 0.662390391826923 0.5689934471153847 0.6395158221153847 0.5689934471153847 0.6395158221153847 0.6067931466346154 0.6538124278846154 0.6319929447115384 0.6633435 0.6805925552884615 0.6757338918269231 0.7201922379807691 0.69670225 0.739992079326923
8 0.6595310721153846 0.759791920673077 0.6499999999999999 0.6553927572115386 0.6423751442307692 0.6031931730769231 0.6395158221153847 0.5671934615384615 0.617594358173077 0.5581935336538462 0.6118757139423077 0.5743934038461538 0.6052039639423077 0.5941932451923078 0.6195005721153847 0.6247930024038462 0.6404689278846154 0.7237922091346154 0.6490468942307692 0.7525919783653846 0.6595310721153846 0.759791920673077
8 0.6261723221153846 0.7795917620192309 0.617594358173077 0.7039923677884615 0.6128288221153846 0.642792858173077 0.6109226081730769 0.5887932884615384 0.6042508581730769 0.5689934471153847 0.5918604663461539 0.5653934759615384 0.5823293942307692 0.5887932884615384 0.5823293942307692 0.6067931466346154 0.58995425 0.6391928870192308 0.6004384302884616 0.7039923677884615 0.617594358173077 0.7633918942307693 0.6261723221153846 0.7795917620192309
0 0.6023446442307692 0.78499171875 0.5975791081730769 0.7543919663461539 0.5890011442307692 0.7075923389423077 0.584235608173077 0.6463928293269231 0.5832825 0.5851933173076923 0.5670796802884616 0.5653934759615384 0.5546892860576923 0.5815933485576923 0.5556423942307692 0.6031931730769231 0.5604079302884615 0.6409928725961538 0.5689858942307692 0.6949924399038461 0.5823293942307692 0.7489920072115385 0.6023446442307692 0.78499171875
4 0.5594548221153846 0.7417920649038462 0.5556423942307692 0.6517927860576923 0.5527830721153847 0.5707934326923076 0.5280022884615385 0.577993375 0.5394395721153846 0.64459284375 0.5480175384615384 0.716592266826923 0.5537361802884615 0.759791920673077 0.5594548221153846 0.7417920649038462
2 0.544205108173077 0.7345921225961539 0.5356271442307692 0.64459284375 0.5299085024038461 0.5815933485576923 0.5060808245192308 0.5869933052884615 0.5156118942307693 0.6553927572115386 0.524189858173077 0.6967924254807693 0.5365802524038462 0.7381920937500001 0.544205108173077 0.7345921225961539
2 0.5089401442307693 0.7489920072115385 0.5060808245192308 0.6553927572115386 0.5060808245192308 0.5869933052884615 0.4851124663461538 0.5923932620192308 0.48797178846153844 0.642792858173077 0.4917842163461538 0.6877924975961538 0.504174610576923 0.7309921514423077 0.5089401442307693 0.7489920072115385
4 0.48987800240384616 0.7525919783653846 0.48797178846153844 0.71479228125 0.48415936057692305 0.6607927139423077 0.4813000384615385 0.5833933317307692 0.4603316802884615 0.5851933173076923 0.4660503245192308 0.6463928293269231 0.46700343028846153 0.6697926418269231 0.47653450240384615 0.7327921370192307 0.48987800240384616 0.7525919783653846
0 0.4527068245192308 0.7867917067307691 0.4536599326923077 0.7201922379807691 0.45842546634615383 0.642792858173077 0.4603316802884615 0.6031931730769231 0.4488943966346154 0.577993375 0.43555089663461544 0.5923932620192308 0.43459778846153846 0.6409928725961538 0.43555089663461544 0.6913924687499999 0.4393633245192308 0.7579919350961538 0.4527068245192308 0.7867917067307691
8 0.4231605024038462 0.7813917499999999 0.42697293269230774 0.7471920216346154 0.42983225240384615 0.6751925985576922 0.4365040024038462 0.6157930745192307 0.4231605024038462 0.5869933052884615 0.40886389663461536 0.5851933173076923 0.4012390384615384 0.6067931466346154 0.4031452548076923 0.6481928149038462 0.4060045745192308 0.7327921370192307 0.4136294326923077 0.7813917499999999 0.4231605024038462 0.7813917499999999
8 0.37073961057692306 0.7903916778846154 0.38503621875000005 0.7741918076923077 0.3945672884615385 0.7021923822115385 0.39837971875 0.6499928004807691 0.4060045745192308 0.6211930312499999 0.40886389663461536 0.595993233173077 0.39552039663461536 0.5869933052884615 0.39266107451923077 0.5869933052884615 0.37931757451923076 0.5887932884615384 0.37073961057692306 0.6049931610576923 0.37169271875 0.642792858173077 0.37550514663461537 0.6859925120192307 0.3688333966346154 0.7561919495192307 0.37073961057692306 0.7903916778846154
7 0.3040221129807692 0.739992079326923 0.3164125048076923 0.7255921947115385 0.33070911298076927 0.689592483173077 0.34119329086538464 0.66799265625 0.3440526105769231 0.7003923966346155 0.33261532692307694 0.7273921802884615 0.32403736298076924 0.7579919350961538 0.33070911298076927 0.7651918774038461 0.3469119326923077 0.7381920937500001 0.3593023245192307 0.7003923966346155 0.36597407451923075 0.6463928293269231 0.37645825480769235 0.619393045673077 0.37931757451923076 0.595993233173077 0.37550514663461537 0.576193389423077 0.3564430048076923 0.5815933485576923 0.3526305769230769 0.5653934759615384 0.34500571875 0.5707934326923076 0.3335684326923077 0.5743934038461538 0.32403736298076924 0.576193389423077 0.3211780408653846 0.5941932451923078 0.3202249326923077 0.6265929879807692 0.3154593966346154 0.6697926418269231 0.30211589903846153 0.71479228125 0.3040221129807692 0.739992079326923
7 0.2668509350961539 0.7093923245192308 0.2811475408653846 0.6643926850961539 0.26875714903846154 0.7093923245192308 0.26875714903846154 0.7363921081730769 0.2878192908653846 0.716592266826923 0.3002096826923077 0.6805925552884615 0.3078345408653846 0.6463928293269231 0.3173656129807692 0.6229930168269231 0.32403736298076924 0.5923932620192308 0.31831871875 0.5653934759615384 0.3002096826923077 0.5707934326923076 0.2973503629807692 0.5581935336538462 0.28495996875 0.5617935048076923 0.27542889903846157 0.577993375 0.26875714903846154 0.6139930889423076 0.25731986298076925 0.6769925841346154 0.2620853990384615 0.7237922091346154 0.2668509350961539 0.7093923245192308
7 0.20489897115384614 0.6661926706730769 0.22872664903846152 0.6301929591346155 0.21538314903846154 0.6877924975961538 0.22300800721153846 0.6913924687499999 0.23539839903846155 0.6661926706730769 0.2535074350961538 0.6301929591346155 0.2706633629807692 0.5941932451923078 0.27733511298076924 0.5545935625 0.26113229086538464 0.5491936057692308 0.24683568509615383 0.5545935625 0.2306328629807692 0.5455936346153846 0.22396111298076923 0.5707934326923076 0.21347693509615384 0.6049931610576923 0.1991803269230769 0.6553927572115386 0.20489897115384614 0.6661926706730769
6 0.24207014903846155 0.5419936634615385 0.32403736298076924 0.5455936346153846 0.4365040024038462 0.5635934903846154 0.5794700721153846 0.5455936346153846 0.6986084639423077 0.5329937355769231 0.8015440336538462 0.4915940673076923 0.809168889423077 0.42139462740384614 0.7967784975961538 0.3547951610576923 0.7538886778846153 0.30079559375 0.6995615697115384 0.30799553605769237 0.5956728942307692 0.30079559375 0.47939382451923074 0.30799553605769237 0.3612085408653846 0.3223954206730769 0.26875714903846154 0.32959536298076925 0.22682043509615385 0.3457952331730769 0.21538314903846154 0.37639498798076926 0.20871139903846153 0.42499460096153846 0.20871139903846153 0.4915940673076923 0.24207014903846155 0.5419936634615385
5 0.08861990144230769 0.14959680288461538 0.07432329326923076 0.12619699038461538 0.053354937500000005 0.12799697596153845 0.04954250961538462 0.15859673076923078 0.057167365384615386 0.20539635576923077 0.07051086538461539 0.30439556490384617 0.0686046514423077 0.45919432692307693 0.06193290144230769 0.572593420673077 0.09243232932692308 0.6841925264423078 0.11435379326923077 0.716592266826923 0.18107129326923077 0.759791920673077 0.24683568509615383 0.8173914615384615 0.3078345408653846 0.8713910288461538 0.38503621875000005 0.9127906971153846 0.4612847884615385 0.9325905384615385 0.5146587884615385 0.9271905817307692 0.5947197860576924 0.9091907259615385 0.6909836057692308 0.8479912163461538 0.7729508197115386 0.7705918341346153 0.8358558894230769 0.7111923100961538 0.8720739615384615 0.7039923677884615 0.9101982451923077 0.6517927860576923 0.9426038894230769 0.552793576923077 0.9454632091346155 0.5005939951923077 0.94165078125 0.41059471634615385 0.9473694230769231 0.30439556490384617 0.9673846730769231 0.21799625721153845 0.9635722451923077 0.16399668750000002 0.9502287451923077 0.12799697596153845 0.9264010673076922 0.14599683173076922 0.9140106754807692 0.22159622836538462 0.9073389254807692 0.2755957956730769 0.8844643533653845 0.30619555048076924 0.8596835673076922 0.31159550721153845 0.8253717115384614 0.2629958966346154 0.7910598557692308 0.2629958966346154 0.7843881057692308 0.30439556490384617 0.7967784975961538 0.3421952620192308 0.8244186033653846 0.36739506009615386 0.8253717115384614 0.42139462740384614 0.8082157836538462 0.49699402403846155 0.7319672139423077 0.5203938365384615 0.6109226081730769 0.5455936346153846 0.46890964663461543 0.5671934615384615 0.34309950480769236 0.5581935336538462 0.24207014903846155 0.552793576923077 0.20108654326923076 0.53119375 0.19155547115384616 0.484394125 0.19346168509615386 0.40879473076923073 0.21824247115384615 0.3601951177884616 0.22872664903846152 0.2917956658653846 0.22396111298076923 0.2557959543269231 0.21157072115384615 0.2485960120192308 0.19346168509615386 0.2701958389423077 0.18869614903846152 0.31159550721153845 0.1743995432692308 0.3529951754807692 0.14961875721153844 0.35119518990384613 0.12483797115384615 0.3169954639423077 0.10958825721153846 0.2701958389423077 0.11340068509615384 0.2251961971153846 0.10482272115384615 0.19099647115384616 0.08861990144230769 0.14959680288461538