7 0.2867661129807692 0.6328689375000001 0.29059093509615386 0.6087891298076923 0.2838974951923077 0.5778293774038462 0.26859820192307693 0.5399896802884615 0.2532989110576923 0.5004299975961538 0.24182443990384617 0.4935500528846154 0.2408682355769231 0.5193498461538462 0.24660546875 0.5503095985576923 0.24947408653846154 0.5761093918269231 0.24947408653846154 0.6105091153846154 0.25138649759615384 0.6311489495192307 0.26955440865384617 0.6397488822115385 0.2867661129807692 0.6328689375000001
7 0.3125836682692308 0.53138975 0.30302161057692306 0.4866701057692308 0.28867852403846156 0.48323013461538467 0.28102887740384613 0.49699002403846154 0.2867661129807692 0.5399896802884615 0.28580990625 0.5640694879807693 0.29441575721153845 0.6191090480769231 0.31067125721153843 0.6225490192307692 0.32214572596153845 0.6208290336538462 0.3278829615384616 0.5950292403846154 0.3125836682692308 0.53138975
7 0.36230636778846154 0.6053491562500001 0.36899981009615385 0.5829893365384615 0.36230636778846154 0.5589095288461539 0.3508318990384615 0.5141898870192307 0.3450946634615385 0.4797901610576923 0.33266399038461536 0.46775025721153846 0.3269267548076923 0.4694702451923077 0.33744501923076925 0.53138975 0.32214572596153845 0.4711902307692308 0.313539875 0.47635018990384614 0.3154522860576923 0.49527003846153844 0.3240581370192308 0.5503095985576923 0.32501434375 0.5864293076923077 0.3288391658653846 0.6105091153846154 0.3422260480769231 0.6156690745192308 0.36230636778846154 0.6053491562500001
8 0.39290495192307695 0.5812693509615385 0.39194874759615383 0.5485896105769231 0.38143048317307693 0.49699002403846154 0.36899981009615385 0.4471104230769231 0.35656913461538464 0.4350705192307692 0.34987569230769233 0.4522703822115384 0.35656913461538464 0.4935500528846154 0.3632625745192308 0.5399896802884615 0.3651749855769231 0.5726694182692308 0.3699560144230769 0.5984692115384616 0.38716771875 0.6070691442307692 0.39290495192307695 0.5812693509615385
8 0.4129852740384615 0.5864293076923077 0.41872250961538465 0.5417096658653846 0.40533562740384615 0.4849501201923077 0.3967297764423077 0.43851049278846155 0.37856186778846157 0.4161506706730769 0.3737808389423077 0.4350705192307692 0.38238668990384617 0.49527003846153844 0.38429910096153846 0.53138975 0.38812392307692306 0.5795493629807692 0.40055459855769227 0.591589266826923 0.40437942307692304 0.5812693509615385 0.4129852740384615 0.5864293076923077
0 0.42924077163461544 0.46259030048076927 0.4120290697115384 0.41443068509615383 0.3967297764423077 0.39551083653846153 0.39481736538461537 0.4316305480769231 0.4062918341346154 0.5090299278846154 0.4168100985576923 0.5675094591346154 0.42445974278846155 0.5778293774038462 0.43497800721153845 0.5520295841346153 0.4407152427884615 0.5210698317307693 0.42924077163461544 0.46259030048076927
4 0.4598393581730769 0.42991056009615386 0.4464524759615385 0.3886308918269231 0.43975903605769234 0.4006707956730769 0.43975903605769234 0.4453904375 0.44358385817307694 0.5090299278846154 0.4464524759615385 0.5778293774038462 0.47705106249999996 0.5726694182692308 0.46748900240384617 0.49699002403846154 0.4598393581730769 0.42991056009615386
2 0.5019124110576922 0.45571035336538457 0.49235035336538463 0.40239078125 0.4808758846153846 0.3783109735576923 0.4732262379807692 0.3972308221153846 0.4732262379807692 0.4419504639423077 0.4760948557692308 0.49527003846153844 0.4789634735576923 0.5640694879807693 0.5057372355769231 0.5657894735576924 0.5066934399038462 0.5107499134615385 0.5019124110576922 0.45571035336538457
2 0.5411168485576924 0.41099071153846156 0.533467201923077 0.3783109735576923 0.5267737620192308 0.3765909879807693 0.5181679086538462 0.4075507403846154 0.5162554975961539 0.45571035336538457 0.51147446875 0.50386996875 0.5086058509615385 0.5623495024038461 0.5372920264423077 0.5623495024038461 0.5401606418269231 0.5245098052884616 0.5392044375 0.47635018990384614 0.5411168485576924 0.41099071153846156
4 0.572671639423077 0.49699002403846154 0.5745840504807692 0.42819057451923076 0.5717154326923077 0.4075507403846154 0.5631095817307693 0.40239078125 0.5592847572115385 0.4230306153846154 0.5497226995192308 0.5073099423076923 0.5430292596153846 0.5554695576923077 0.5535475240384615 0.5709494326923077 0.5688468149038461 0.5657894735576924 0.572671639423077 0.49699002403846154
0 0.5984891947115385 0.5623495024038461 0.6051826346153846 0.5210698317307693 0.6166571033653846 0.46259030048076927 0.6166571033653846 0.41959064423076925 0.6051826346153846 0.41959064423076925 0.5946643725961539 0.45915032692307695 0.579365079326923 0.5107499134615385 0.57362784375 0.5365497067307692 0.579365079326923 0.5675094591346154 0.5889271370192307 0.5864293076923077 0.5984891947115385 0.5623495024038461
8 0.6233505456730769 0.6001891971153847 0.6271753677884615 0.5520295841346153 0.6290877788461539 0.4866701057692308 0.6319563966346154 0.4333505336538461 0.6214381322115384 0.4316305480769231 0.6109198701923076 0.4797901610576923 0.6013578125 0.5262297908653847 0.5946643725961539 0.5692294447115385 0.5965767836538461 0.5984692115384616 0.6099636634615385 0.5933092548076924 0.6233505456730769 0.6001891971153847
8 0.6453432788461538 0.6053491562500001 0.6482118942307692 0.5554695576923077 0.646299483173077 0.48839009375 0.6434308653846154 0.4505503966346154 0.6348250144230769 0.45915032692307695 0.6271753677884615 0.5348297211538461 0.6195257211538461 0.5640694879807693 0.6195257211538461 0.5984692115384616 0.6329126033653847 0.5984692115384616 0.6453432788461538 0.6053491562500001
7 0.6788104807692308 0.6242690072115384 0.6883725384615385 0.603629170673077 0.6902849495192308 0.5520295841346153 0.6941097716346154 0.5021499831730769 0.6950659783653846 0.46259030048076927 0.6855039206730769 0.44883040865384616 0.6702046274038461 0.46259030048076927 0.6615987764423077 0.5055899543269231 0.6577739519230769 0.5417096658653846 0.6501243076923077 0.5726694182692308 0.6472556899038462 0.6122291033653846 0.6644673942307692 0.6087891298076923 0.6788104807692308 0.6242690072115384
7 0.7180149158653847 0.6225490192307692 0.7189711225961539 0.5743894038461538 0.7227959447115384 0.5210698317307693 0.7237521514423076 0.47807017548076924 0.7151463004807692 0.4746302019230769 0.7084528581730769 0.5399896802884615 0.7132338870192307 0.4746302019230769 0.7036718293269231 0.4746302019230769 0.6988908004807691 0.48323013461538467 0.6902849495192308 0.560629514423077 0.6826353028846154 0.5950292403846154 0.6874163317307692 0.6122291033653846 0.7017594182692307 0.6156690745192308 0.7180149158653847 0.6225490192307692
7 0.759131764423077 0.6139490889423077 0.7610441778846154 0.5434296514423077 0.7639127932692307 0.4866701057692308 0.7514821177884615 0.4694702451923077 0.742876266826923 0.5090299278846154 0.7333142091346154 0.546869625 0.7227959447115384 0.591589266826923 0.7227959447115384 0.6225490192307692 0.7361828269230769 0.6294289639423076 0.759131764423077 0.6139490889423077
7 0.7600879711538462 0.7756277956730769 0.7486135024038462 0.748108014423077 0.7495697067307692 0.7171482620192309 0.7620003822115385 0.7618679038461539 0.7725186466346153 0.7773477812499999 0.7696500288461539 0.7395080841346153 0.7658252067307691 0.6879084975961539 0.7677376177884615 0.6569487451923077 0.7620003822115385 0.6294289639423076 0.7524383245192308 0.6294289639423076 0.7352266201923077 0.6380288966346155 0.7256645625 0.6294289639423076 0.7180149158653847 0.6363089086538462 0.7161025048076923 0.662108701923077 0.7237521514423076 0.7033883725961538 0.7361828269230769 0.7446680432692308 0.7495697067307692 0.7756277956730769 0.7600879711538462 0.7756277956730769
7 0.7161025048076923 0.7756277956730769 0.7151463004807692 0.6896284831730769 0.7161025048076923 0.634588923076923 0.7065404471153846 0.6294289639423076 0.6960221850961539 0.634588923076923 0.6797666850961538 0.6225490192307692 0.6730732451923077 0.6363089086538462 0.674029451923077 0.6586687307692307 0.680722891826923 0.6982284134615384 0.6998470072115384 0.7962676298076924 0.7132338870192307 0.7962676298076924 0.7161025048076923 0.7756277956730769
7 0.6539491298076924 0.79282765625 0.6501243076923077 0.7498280024038462 0.65203671875 0.7085483317307693 0.6644673942307692 0.7687478509615384 0.6730732451923077 0.7859477115384615 0.6721170384615385 0.7515479879807692 0.6692484230769231 0.6930684543269231 0.6797666850961538 0.6431888533653846 0.6749856562500001 0.6328689375000001 0.6606425697115385 0.6208290336538462 0.6539491298076924 0.6259889927884615 0.6434308653846154 0.6173890600961538 0.6281315745192307 0.6208290336538462 0.6281315745192307 0.6449088413461539 0.6338688076923076 0.6827485384615385 0.6386498365384615 0.7309081514423077 0.6434308653846154 0.7773477812499999 0.6539491298076924 0.79282765625
8 0.6271753677884615 0.806587548076923 0.6271753677884615 0.7567079471153846 0.6310001899038462 0.6810285528846154 0.6348250144230769 0.6242690072115384 0.6214381322115384 0.6087891298076923 0.6176133100961538 0.6139490889423077 0.6032702235576923 0.6122291033653846 0.6032702235576923 0.6363089086538462 0.6090074591346154 0.6707086346153847 0.6147446923076922 0.7670278629807693 0.6233505456730769 0.8134674927884615 0.6271753677884615 0.806587548076923
8 0.6013578125 0.7825077403846153 0.6061388413461539 0.6947884423076923 0.6109198701923076 0.6191090480769231 0.5927519615384615 0.6001891971153847 0.5831899014423076 0.6225490192307692 0.5879709302884616 0.6793085649038461 0.5908395480769231 0.7859477115384615 0.5975329903846154 0.8083075336538462 0.6013578125 0.7825077403846153
0 0.5688468149038461 0.8151874783653846 0.5755402572115385 0.7549879591346154 0.5831899014423076 0.6672686610576922 0.5851023149038461 0.6053491562500001 0.5669344038461538 0.5864293076923077 0.556416141826923 0.6191090480769231 0.5602409639423077 0.6689886466346154 0.5583285528846154 0.7395080841346153 0.5602409639423077 0.8083075336538462 0.5688468149038461 0.8151874783653846
4 0.544941670673077 0.7773477812499999 0.55067890625 0.6810285528846154 0.556416141826923 0.591589266826923 0.5315547908653846 0.5829893365384615 0.533467201923077 0.6569487451923077 0.5353796129807692 0.7257481947115385 0.5401606418269231 0.7842277259615386 0.544941670673077 0.7773477812499999
2 0.5239051442307692 0.7618679038461539 0.5286861730769231 0.6689886466346154 0.5296423798076924 0.5812693509615385 0.5076496466346154 0.5864293076923077 0.5095620576923077 0.6586687307692307 0.5105182644230769 0.7068283461538462 0.5181679086538462 0.7687478509615384 0.5239051442307692 0.7618679038461539
2 0.5038248221153846 0.6707086346153847 0.5028686177884615 0.5864293076923077 0.4799196778846154 0.5864293076923077 0.48852553125 0.6569487451923077 0.4961751778846154 0.748108014423077 0.5076496466346154 0.7756277956730769 0.5038248221153846 0.6707086346153847
4 0.4799196778846154 0.6638286899038461 0.48183209134615385 0.5847093221153846 0.45601453365384614 0.5864293076923077 0.4627079735576923 0.6586687307692307 0.47800726682692307 0.7756277956730769 0.48183209134615385 0.7618679038461539 0.4799196778846154 0.6638286899038461
0 0.4531459158653846 0.8289473677884616 0.46079556250000003 0.7825077403846153 0.46079556250000003 0.7309081514423077 0.4588831514423077 0.6586687307692307 0.4569707403846154 0.6053491562500001 0.44549627163461536 0.5795493629807692 0.43689041826923075 0.5881492956730769 0.42924077163461544 0.6122291033653846 0.4321093894230769 0.6724286201923076 0.4340218004807692 0.7068283461538462 0.43975903605769234 0.7704678365384615 0.4531459158653846 0.8289473677884616
8 0.4301969783653846 0.8014275889423076 0.4321093894230769 0.7154282764423077 0.43689041826923075 0.6500688004807693 0.4359342139423077 0.6139490889423077 0.41967871394230766 0.5898692812499999 0.4082042451923077 0.6087891298076923 0.4072480384615385 0.6259889927884615 0.4110728629807693 0.6672686610576922 0.41011665625 0.7567079471153846 0.41967871394230766 0.8117475072115384 0.4301969783653846 0.8014275889423076
8 0.4072480384615385 0.7893876850961538 0.41011665625 0.6947884423076923 0.4148976850961539 0.6466288269230769 0.41394148076923076 0.6001891971153847 0.40437942307692304 0.6105091153846154 0.3909925408653846 0.5984692115384616 0.38143048317307693 0.6173890600961538 0.3852553076923077 0.6741486057692309 0.39194874759615383 0.7704678365384615 0.3986421875 0.8151874783653846 0.4072480384615385 0.7893876850961538
7 0.3508318990384615 0.7962676298076924 0.35656913461538464 0.7532679735576924 0.36230636778846154 0.7102683173076922 0.3670873966346154 0.7119883052884616 0.3670873966346154 0.7618679038461539 0.37091222115384614 0.7962676298076924 0.37760566105769233 0.7653078774038462 0.3795180721153846 0.7068283461538462 0.38621151201923076 0.6724286201923076 0.39290495192307695 0.6242690072115384 0.38429910096153846 0.6122291033653846 0.3651749855769231 0.6225490192307692 0.3470070769230769 0.6277089783653846 0.3393574302884615 0.6397488822115385 0.3441384591346154 0.6793085649038461 0.3441384591346154 0.7446680432692308 0.3441384591346154 0.79282765625 0.3508318990384615 0.7962676298076924
7 0.3164084903846154 0.7274681802884615 0.31067125721153843 0.7997076033653846 0.32023331490384616 0.8083075336538462 0.3269267548076923 0.7653078774038462 0.3336201947115385 0.7171482620192309 0.34126984134615385 0.6724286201923076 0.34605087019230774 0.634588923076923 0.3355326057692307 0.6259889927884615 0.3240581370192308 0.6380288966346155 0.31162746153846155 0.6311489495192307 0.2991967860576923 0.6380288966346155 0.2953719639423077 0.6603887163461538 0.29632817067307693 0.7051083581730769 0.29632817067307693 0.7859477115384615 0.3039778149038461 0.8014275889423076 0.3164084903846154 0.7274681802884615
7 0.25807993990384615 0.7567079471153846 0.2638171730769231 0.7171482620192309 0.26764199759615387 0.7567079471153846 0.25425511538461537 0.7859477115384615 0.2647733798076923 0.79282765625 0.2762478485576923 0.7670278629807693 0.28867852403846156 0.7137082908653846 0.297284375 0.6672686610576922 0.2953719639423077 0.6397488822115385 0.2848536995192308 0.6397488822115385 0.2657295841346154 0.6431888533653846 0.24851788221153845 0.6363089086538462 0.24373685096153846 0.6672686610576922 0.24756167548076924 0.7016683870192307 0.24469305769230767 0.7498280024038462 0.24564926442307694 0.7876676995192308 0.25807993990384615 0.7567079471153846
6 0.28772231730769227 0.6431888533653846 0.3489194879807692 0.6173890600961538 0.4110728629807693 0.5950292403846154 0.4569707403846154 0.5743894038461538 0.5458978774038461 0.5692294447115385 0.6137884879807692 0.6070691442307692 0.6835915096153846 0.6225490192307692 0.7457448846153846 0.6259889927884615 0.7696500288461539 0.6019091850961538 0.7792120865384615 0.5348297211538461 0.77634346875 0.45743034134615385 0.6501243076923077 0.42819057451923076 0.556416141826923 0.374871 0.5028686177884615 0.3542311658653846 0.4062918341346154 0.3765909879807693 0.2867661129807692 0.46775025721153846 0.24756167548076924 0.46259030048076927 0.22843756009615385 0.5090299278846154 0.23226238221153844 0.5881492956730769 0.24182443990384617 0.634588923076923 0.28772231730769227 0.6431888533653846
5 0.016159877403846154 0.5657894735576924 0.027634346153846155 0.5847093221153846 0.054408108173076924 0.6328689375000001 0.06970740144230769 0.6844685240384615 0.09552495673076923 0.806587548076923 0.12134251201923077 0.8908668725961538 0.16915280048076922 0.9596663221153846 0.1901893293269231 0.9648262812499999 0.20644482692307695 0.9252665985576923 0.24756167548076924 0.9080667355769231 0.31067125721153843 0.923546610576923 0.3852553076923077 0.9527863774038461 0.4483648870192308 0.9527863774038461 0.5755402572115385 0.94934640625 0.6262191610576924 0.9476264182692307 0.7151463004807692 0.9132266947115385 0.7696500288461539 0.9063467500000001 0.8126792884615385 0.9321465432692307 0.8365844326923076 0.923546610576923 0.8729202524038461 0.8616271057692307 0.8987378076923077 0.7567079471153846 0.9197743365384615 0.6586687307692307 0.9475043028846154 0.5812693509615385 0.9800153004807692 0.5331097355769231 0.9771466826923076 0.43679050480769227 0.9570663605769231 0.43851049278846155 0.9369860384615385 0.46259030048076927 0.9274239807692308 0.4935500528846154 0.9054312475961539 0.5227898173076923 0.8815261033653846 0.5176298581730769 0.8652706057692308 0.49871000961538464 0.8528399302884615 0.4471104230769231 0.8528399302884615 0.40239078125 0.849015108173077 0.3731510144230769 0.8241537572115385 0.3628310985576923 0.8040734375 0.4041107668269231 0.8031172307692308 0.49699002403846154 0.7973799951923077 0.5571895432692308 0.7849493221153847 0.6122291033653846 0.7084528581730769 0.6311489495192307 0.6262191610576924 0.6122291033653846 0.556416141826923 0.5761093918269231 0.4732262379807692 0.5726694182692308 0.3900363365384615 0.6001891971153847 0.30971505048076925 0.6397488822115385 0.25425511538461537 0.6431888533653846 0.21122585576923078 0.6105091153846154 0.18923312259615385 0.5434296514423077 0.19879518028846155 0.4849501201923077 0.19688276923076925 0.4230306153846154 0.1825396826923077 0.3783109735576923 0.1624593605769231 0.38003095913461543 0.15576592067307693 0.4247506033653846 0.15098489182692307 0.48839009375 0.1337731875 0.5227898173076923 0.10508701442307691 0.5451496394230769 0.06014534375 0.5090299278846154 0.044846050480769235 0.46259030048076927 0.03145917067307692 0.4453904375 0.014247466346153845 0.43679050480769227 0.016159877403846154 0.5657894735576924