7 0.23128415384615383 0.5148164519230769 0.24104215384615382 0.5056022403846154 0.2478727548076923 0.48901665865384614 0.2478727548076923 0.45400265384615385 0.2478727548076923 0.4153029639423077 0.24689695432692307 0.37291758894230764 0.2381147548076923 0.3600176923076923 0.2322599543269231 0.37291758894230764 0.2293325528846154 0.4097744350961538 0.22055035096153847 0.43373138701923075 0.20786494951923076 0.47058823557692303 0.21274394951923076 0.48901665865384614 0.22152615144230767 0.5037593990384616 0.23128415384615383 0.5148164519230769
7 0.26934035817307694 0.5258735072115385 0.27226775961538463 0.5369305625 0.2878805625 0.5332448774038462 0.29666276442307693 0.5000737139423077 0.2927595625 0.4576883389423077 0.2888563629807692 0.4300457019230769 0.2839773605769231 0.3931888533653846 0.27909836057692305 0.3618605336538462 0.27226775961538463 0.34896063701923075 0.2673887596153846 0.36923190384615384 0.27226775961538463 0.39134601201923075 0.2712919591346154 0.42267433173076924 0.2664129591346154 0.3839746418269231 0.2605581586538462 0.36554621875 0.25567915625 0.3821318004807692 0.25567915625 0.4134601201923077 0.25567915625 0.45031696875000005 0.24592115625 0.5000737139423077 0.25860655769230767 0.5295591923076923 0.26934035817307694 0.5258735072115385
7 0.3083723653846154 0.5516733004807692 0.31910616826923077 0.5387734038461539 0.32886416826923076 0.5461447740384615 0.3395979711538461 0.5443019302884615 0.34740437259615387 0.5203449807692307 0.3464285721153846 0.48901665865384614 0.33569476923076924 0.4300457019230769 0.3308157692307692 0.3931888533653846 0.32203356730769234 0.3931888533653846 0.31813036778846154 0.40793159375 0.31715456730769226 0.4300457019230769 0.3093481658653846 0.39871738221153846 0.3034933653846154 0.39871738221153846 0.3015417644230769 0.4134601201923077 0.3044691658653846 0.47058823557692303 0.2947111634615385 0.5056022403846154 0.2986143629807692 0.5295591923076923 0.3083723653846154 0.5516733004807692
8 0.3805815769230769 0.5387734038461539 0.3854605769230769 0.4945451875 0.37960577644230764 0.4429455985576923 0.37862997596153847 0.3968745384615385 0.366920375 0.3618605336538462 0.3571623725961538 0.36554621875 0.3571623725961538 0.42267433173076924 0.3513075721153846 0.49638802884615385 0.3493559711538462 0.5314020336538461 0.3639929735576923 0.5553589855769231 0.3805815769230769 0.5387734038461539
8 0.41961358413461536 0.5019165552884616 0.4147345817307692 0.45584549519230766 0.40692818028846156 0.3968745384615385 0.39229117788461537 0.35448916346153847 0.3864363774038461 0.3710747451923077 0.3874121778846154 0.4374170721153846 0.3805815769230769 0.48348813221153847 0.37667837740384613 0.5295591923076923 0.3854605769230769 0.5553589855769231 0.39912177884615385 0.5406162451923077 0.4118071826923077 0.5461447740384615 0.41961358413461536 0.5019165552884616
0 0.4332747860576923 0.4650597091346154 0.4293715841346154 0.39871738221153846 0.4215651826923077 0.32316084375 0.41375878125 0.31394663221153846 0.40985558173076925 0.3618605336538462 0.40985558173076925 0.4392599158653846 0.40790398076923073 0.5314020336538461 0.4186377836538462 0.5627303557692308 0.4420569879807692 0.5332448774038462 0.4410811875 0.5148164519230769 0.4332747860576923 0.4650597091346154
4 0.45864558894230767 0.4189886466346154 0.4508391875 0.37476043028846157 0.44498438701923076 0.3673890600961538 0.4430327860576923 0.3821318004807692 0.4401053870192308 0.41714580528846157 0.4381537860576923 0.4871738173076923 0.4420569879807692 0.5553589855769231 0.46840359134615384 0.5516733004807692 0.46352459134615387 0.4779596057692308 0.45864558894230767 0.4189886466346154
2 0.4888953942307692 0.43188854567307694 0.4791373918269231 0.36554621875 0.4693793918269231 0.34711779326923076 0.46352459134615387 0.36554621875 0.4645003894230769 0.41161727884615384 0.46547618990384615 0.4871738173076923 0.4693793918269231 0.5516733004807692 0.5015807956730769 0.5498304591346154 0.49767759615384616 0.4871738173076923 0.4888953942307692 0.43188854567307694
2 0.529879 0.49270234375000005 0.5269516009615385 0.448474125 0.5240241995192307 0.37844611538461537 0.516217798076923 0.34896063701923075 0.5054839975961538 0.34896063701923075 0.5006049951923077 0.37476043028846157 0.5015807956730769 0.44663128365384613 0.5006049951923077 0.4945451875 0.5006049951923077 0.5516733004807692 0.5318306009615384 0.5535161442307692 0.5347580024038462 0.5258735072115385 0.529879 0.49270234375000005
4 0.5552498052884615 0.4024030673076923 0.5513466033653847 0.3673890600961538 0.5435402019230768 0.35448916346153847 0.5328064014423076 0.363703375 0.5308548004807693 0.42267433173076924 0.5337822019230769 0.47427392067307694 0.5328064014423076 0.5498304591346154 0.5581772043269231 0.5498304591346154 0.56208040625 0.5295591923076923 0.5601288052884615 0.47611676201923075 0.5552498052884615 0.4024030673076923
0 0.5972092115384615 0.4134601201923077 0.5942818100961539 0.34711779326923076 0.5903786105769231 0.321318 0.5864754086538462 0.321318 0.5786690096153846 0.3397464254807692 0.5689110072115384 0.3821318004807692 0.5591530048076924 0.45953118028846157 0.5601288052884615 0.49638802884615385 0.575741608173077 0.5572018293269231 0.5933060120192308 0.5166592956730769 0.5972092115384615 0.4687453942307692 0.5972092115384615 0.4134601201923077
8 0.6235558149038462 0.5424590889423077 0.6264832163461538 0.5056022403846154 0.6196526153846154 0.4189886466346154 0.6118462139423078 0.3600176923076923 0.6011124134615384 0.34896063701923075 0.5923302115384615 0.35264632211538466 0.5864754086538462 0.363703375 0.5835480096153847 0.42820286057692303 0.5796448076923076 0.49823087259615384 0.5903786105769231 0.5424590889423077 0.6040398125 0.5295591923076923 0.6177010144230769 0.5498304591346154 0.6235558149038462 0.5424590889423077
8 0.6508782211538461 0.5295591923076923 0.6518540216346154 0.5037593990384616 0.6479508197115386 0.45584549519230766 0.6499024206730769 0.3968745384615385 0.6567330216346154 0.35448916346153847 0.6499024206730769 0.34711779326923076 0.6333138173076923 0.36554621875 0.6186768149038462 0.39871738221153846 0.6128220144230769 0.4374170721153846 0.6050156129807692 0.5148164519230769 0.6216042163461538 0.5350877187499999 0.6303864158653846 0.5185021370192308 0.6391686177884615 0.5424590889423077 0.6508782211538461 0.5295591923076923
7 0.6821038245192308 0.5203449807692307 0.6967408269230769 0.5350877187499999 0.7074746298076923 0.5056022403846154 0.7045472283653846 0.4687453942307692 0.6967408269230769 0.448474125 0.6947892259615384 0.43188854567307694 0.6977166274038461 0.3931888533653846 0.691861826923077 0.37291758894230764 0.6869828269230769 0.37476043028846157 0.683079625 0.4097744350961538 0.6762490240384615 0.41161727884615384 0.6821038245192308 0.37844611538461537 0.6821038245192308 0.36923190384615384 0.6742974230769231 0.36923190384615384 0.6655152235576923 0.38950317067307694 0.6606362211538461 0.4153029639423077 0.6586846201923078 0.43373138701923075 0.6518540216346154 0.4521598100961538 0.6440476177884615 0.5000737139423077 0.6616120216346153 0.5332448774038462 0.6694184230769231 0.5406162451923077 0.6821038245192308 0.5203449807692307
7 0.7611436370192308 0.4798024471153846 0.7552888365384616 0.4576883389423077 0.7435792355769231 0.4097744350961538 0.739676033653846 0.36923190384615384 0.7347970336538462 0.33421789663461543 0.7230874326923077 0.33606074038461536 0.7201600312499999 0.3452749519230769 0.7143052307692308 0.36923190384615384 0.7104020288461539 0.3931888533653846 0.7113778293269231 0.4300457019230769 0.7055230288461539 0.4632168653846154 0.7074746298076923 0.4871738173076923 0.7162568317307693 0.5185021370192308 0.7377244350961539 0.5037593990384616 0.753337235576923 0.512973610576923 0.7611436370192308 0.4798024471153846
7 0.7884660432692308 0.4060887524038461 0.780659641826923 0.38950317067307694 0.7816354399038462 0.363703375 0.7767564399038461 0.3415892668269231 0.7572404375 0.3397464254807692 0.7513856370192307 0.35817484855769227 0.7523614375 0.4024030673076923 0.7543130360576923 0.4521598100961538 0.7669984375 0.4798024471153846 0.7874902427884615 0.4632168653846154 0.7952966442307693 0.4355742307692308 0.7884660432692308 0.4060887524038461
7 0.784562841346154 0.682515110576923 0.79432084375 0.6788294254807692 0.7933450432692308 0.6696152139423077 0.7835870408653847 0.6511867908653847 0.7796838413461539 0.6346012091346154 0.7826112403846154 0.6217013125 0.7894418413461538 0.6401297355769231 0.7933450432692308 0.6604010024038461 0.7982240432692307 0.6806722692307693 0.80407884375 0.6769865841346154 0.8070062451923078 0.6382868942307692 0.8021272451923077 0.6032728870192308 0.79919984375 0.5682588822115384 0.7982240432692307 0.5406162451923077 0.7816354399038462 0.5221878221153846 0.7650468389423076 0.5387734038461539 0.753337235576923 0.5332448774038462 0.7426034350961538 0.5443019302884615 0.739676033653846 0.5682588822115384 0.7445550360576922 0.5922158341346153 0.7513856370192307 0.6161727836538462 0.7640710384615385 0.6493439471153846 0.770901639423077 0.6714580576923077 0.784562841346154 0.682515110576923
7 0.7465066346153846 0.7322718557692307 0.7406518341346153 0.7175291177884616 0.7338212331730769 0.6917293245192307 0.7299180336538461 0.6733008990384615 0.7299180336538461 0.6548724759615384 0.738700233173077 0.6696152139423077 0.7455308341346154 0.6972578509615384 0.7562646370192307 0.7341146971153846 0.7611436370192308 0.7175291177884616 0.7601678365384615 0.6917293245192307 0.7562646370192307 0.6567153173076924 0.7494340360576923 0.6161727836538462 0.7484582355769231 0.597744360576923 0.7426034350961538 0.5701017259615384 0.7406518341346153 0.559044670673077 0.7279664326923078 0.5516733004807692 0.7182084302884615 0.5516733004807692 0.7104020288461539 0.5719445673076924 0.7016198293269231 0.5645731971153846 0.691861826923077 0.5664160408653847 0.6850312259615384 0.57747309375 0.6869828269230769 0.6014300456730769 0.6928376274038462 0.6217013125 0.7025956274038462 0.6493439471153846 0.7143052307692308 0.682515110576923 0.7289422331730768 0.7212148028846154 0.7465066346153846 0.7322718557692307
7 0.6801522259615385 0.767285860576923 0.6801522259615385 0.7580716490384615 0.6752732235576923 0.7396432259615384 0.6694184230769231 0.7230576442307692 0.6635636225961539 0.6935721658653846 0.6635636225961539 0.6751437403846154 0.6703942235576924 0.6751437403846154 0.6791764254807693 0.682515110576923 0.6860070264423077 0.7027863774038461 0.6938134278846154 0.730429014423077 0.6977166274038461 0.7525431225961537 0.7035714278846155 0.7451717524038461 0.7025956274038462 0.7212148028846154 0.6986924278846154 0.6898864807692308 0.6938134278846154 0.6622438461538462 0.6869828269230769 0.6382868942307692 0.6850312259615384 0.6253869975961539 0.6821038245192308 0.5959015192307692 0.6733216225961538 0.57747309375 0.6616120216346153 0.5737874086538461 0.6538056201923077 0.5866873076923077 0.6489266201923077 0.5848444639423077 0.6391686177884615 0.5903729903846154 0.6274590168269231 0.5903729903846154 0.6216042163461538 0.6106442572115385 0.6294106177884615 0.6327583677884616 0.6430718197115385 0.6640866875 0.6528298197115384 0.7156862740384615 0.6635636225961539 0.7433289110576923 0.6801522259615385 0.767285860576923
8 0.64112021875 0.7949284975961538 0.64599921875 0.7949284975961538 0.6420960192307692 0.7599144927884616 0.6352654182692308 0.7193719591346154 0.6274590168269231 0.6640866875 0.6245316153846154 0.6309155240384615 0.6245316153846154 0.5959015192307692 0.6059914134615385 0.5737874086538461 0.5923302115384615 0.597744360576923 0.5864754086538462 0.6198584687500001 0.5972092115384615 0.6511867908653847 0.6050156129807692 0.6751437403846154 0.6157494134615384 0.7138434326923077 0.6274590168269231 0.7525431225961537 0.64112021875 0.7949284975961538
8 0.5933060120192308 0.7912428125000001 0.5972092115384615 0.7765000745192308 0.5962334110576923 0.7212148028846154 0.6020882115384615 0.6567153173076924 0.6011124134615384 0.6198584687500001 0.5864754086538462 0.5959015192307692 0.5776932091346154 0.5995872043269231 0.5640320072115385 0.6272298389423077 0.56695940625 0.6456582620192308 0.5728142067307692 0.686200795673077 0.575741608173077 0.7322718557692307 0.5806206081730769 0.7746572307692308 0.5933060120192308 0.7912428125000001
0 0.5630562067307692 0.8170854639423077 0.56695940625 0.7931285120192307 0.56695940625 0.6825579687500001 0.56208040625 0.6162156418269231 0.56208040625 0.5848873221153846 0.5396370024038462 0.5683017379807692 0.5357338004807692 0.5830444783653846 0.5318306009615384 0.6346440649038462 0.5357338004807692 0.7157291322115384 0.5445160024038461 0.7691715600961538 0.5630562067307692 0.8170854639423077
4 0.5317852163461538 0.6180156274038461 0.5327610144230769 0.5682588822115384 0.5093418125 0.5701017259615384 0.510317610576923 0.57747309375 0.5112934110576923 0.6051157307692308 0.5142208125 0.6419725793269231 0.5220272139423077 0.7322718557692307 0.5317852163461538 0.7470145961538462 0.5317852163461538 0.6180156274038461
2 0.5151512259615385 0.7404146466346154 0.5190544278846153 0.7090863269230769 0.5249092283653846 0.6261584206730769 0.5239334278846154 0.5727159903846154 0.5044174254807692 0.5782445168269231 0.5053932235576923 0.6224727355769232 0.5053932235576923 0.6722294783653846 0.508320625 0.7330432788461538 0.5151512259615385 0.7404146466346154
2 0.48108899278846157 0.7543859663461538 0.4908311105769231 0.7471920216346154 0.49767759615384616 0.7046292187500001 0.5035323966346155 0.6309155240384615 0.5006049951923077 0.57747309375 0.47816159375 0.5848444639423077 0.48011319230769234 0.6364440504807691 0.48304059374999997 0.6604010024038461 0.48206479326923074 0.6972578509615384 0.48108899278846157 0.7543859663461538
4 0.47816159375 0.7580716490384615 0.48011319230769234 0.6898864807692308 0.4774876105769231 0.6265929879807692 0.48206479326923074 0.5701017259615384 0.45669398798076927 0.5793159375 0.4615729903846154 0.6364440504807691 0.46840359134615384 0.6917293245192307 0.4742583918269231 0.75070028125 0.47816159375 0.7580716490384615
0 0.4303473846153846 0.8262568197115385 0.4410811875 0.7930856562499999 0.45376658894230765 0.6917293245192307 0.4615729903846154 0.6364440504807691 0.4488875865384615 0.5940586754807693 0.4313231850961538 0.6069585721153846 0.4293715841346154 0.6733008990384615 0.4254683846153846 0.7525431225961537 0.4215651826923077 0.8096712379807692 0.4303473846153846 0.8262568197115385
8 0.4049765817307692 0.7930856562499999 0.4166861826923077 0.7543859663461538 0.4254683846153846 0.6935721658653846 0.43425058653846155 0.6382868942307692 0.41571038221153844 0.597744360576923 0.3971701802884615 0.6161727836538462 0.4000975793269231 0.684357954326923 0.4010733798076923 0.7433289110576923 0.3981459783653846 0.7930856562499999 0.4049765817307692 0.7930856562499999
8 0.3552107740384616 0.8078283942307691 0.37082357451923076 0.7820286009615385 0.3805815769230769 0.7433289110576923 0.39131537980769227 0.6935721658653846 0.39912177884615385 0.6548724759615384 0.40985558173076925 0.6180156274038461 0.38936377884615386 0.5903729903846154 0.36984777403846153 0.6088014158653846 0.3659445745192308 0.6272298389423077 0.36106557451923077 0.6788294254807692 0.3542349735576923 0.7580716490384615 0.3444769711538462 0.8133569206730769 0.3552107740384616 0.8078283942307691
7 0.3025175649038462 0.7543859663461538 0.3083723653846154 0.769128704326923 0.31715456730769226 0.7451717524038461 0.31910616826923077 0.7193719591346154 0.32398516826923074 0.7009435360576923 0.32983996875 0.682515110576923 0.33667056971153847 0.684357954326923 0.3376463701923077 0.7083149038461538 0.3308157692307692 0.7378003822115384 0.32496096875 0.7654430192307693 0.32496096875 0.7801857596153846 0.33276737019230773 0.7801857596153846 0.34154956971153844 0.7580716490384615 0.3513075721153846 0.7267433293269231 0.3552107740384616 0.6880436394230769 0.3591139735576923 0.667772372596154 0.3688719759615384 0.6401297355769231 0.37375097596153845 0.6051157307692308 0.3659445745192308 0.5922158341346153 0.35618657211538457 0.5903729903846154 0.34350117067307695 0.5995872043269231 0.3376463701923077 0.5885301490384616 0.3230093677884615 0.5903729903846154 0.3132513653846154 0.597744360576923 0.3132513653846154 0.6180156274038461 0.3132513653846154 0.6622438461538462 0.30739656490384615 0.682515110576923 0.3015417644230769 0.7175291177884616 0.3025175649038462 0.7543859663461538
7 0.2566549567307692 0.7543859663461538 0.2595823581730769 0.7267433293269231 0.2644613581730769 0.6954150072115385 0.27519515865384614 0.6714580576923077 0.27226775961538463 0.6991006923076923 0.2703161586538462 0.7267433293269231 0.2664129591346154 0.75070028125 0.27617095913461537 0.7617573341346154 0.2849531610576923 0.730429014423077 0.2956869639423077 0.6898864807692308 0.3025175649038462 0.6475011057692307 0.3132513653846154 0.5959015192307692 0.3093481658653846 0.5830016225961538 0.3005659639423077 0.5719445673076924 0.2888563629807692 0.5811587788461539 0.28104996153846157 0.5701017259615384 0.26934035817307694 0.5701017259615384 0.2595823581730769 0.5866873076923077 0.2566549567307692 0.6161727836538462 0.2566549567307692 0.6493439471153846 0.25080015625 0.7009435360576923 0.25080015625 0.7396432259615384 0.2566549567307692 0.7543859663461538
7 0.20493754807692308 0.6806722692307693 0.2107923485576923 0.6530296322115384 0.22055035096153847 0.6382868942307692 0.22152615144230767 0.6511867908653847 0.21371975 0.6733008990384615 0.20688914903846156 0.6972578509615384 0.22347775240384615 0.6954150072115385 0.2342115528846154 0.6714580576923077 0.24592115625 0.6327583677884616 0.2576307572115385 0.597744360576923 0.26250975721153846 0.5664160408653847 0.25177595673076925 0.5535161442307692 0.23713895432692308 0.5535161442307692 0.22542935096153846 0.5387734038461539 0.21274394951923076 0.5479876153846154 0.20688914903846156 0.5645731971153846 0.20493754807692308 0.5995872043269231 0.1922521466346154 0.6548724759615384 0.1961553485576923 0.6806722692307693 0.20493754807692308 0.6806722692307693
6 0.20299275721153845 0.49699402403846155 0.21347693509615384 0.5185938509615384 0.24900740625 0.5464439134615385 0.3260956201923077 0.5648723389423077 0.3963532307692308 0.5722437067307692 0.48124784375 0.5648723389423077 0.5768762596153846 0.5611866538461538 0.6656740745192308 0.5519724423076923 0.7529355697115385 0.5203938365384615 0.7843881057692308 0.4915940673076923 0.7983828942307691 0.43955905528846156 0.8015440336538462 0.4231946153846154 0.8044033557692308 0.3997948028846154 0.8071650961538462 0.38058809855769227 0.7958253894230769 0.3331953341346154 0.775810141826923 0.3169954639423077 0.7529355697115385 0.3133954927884615 0.617594358173077 0.31519547836538464 0.4256272355769231 0.301345875 0.3040221129807692 0.3367953052884615 0.22586732692307693 0.3331953341346154 0.21443004086538459 0.35119518990384613 0.20775829326923076 0.3943948461538461 0.20013343509615386 0.4321945432692308 0.19822722115384617 0.46279429807692307 0.20299275721153845 0.49699402403846155
5 0.09262658173076922 0.628921826923077 0.1043361826923077 0.7247496298076922 0.13458598798076923 0.7745063750000001 0.19313399759615385 0.8132060649038462 0.26436740865384617 0.8795483918269231 0.3492620240384615 0.9403621923076924 0.4409872379807692 0.9495764038461538 0.5512526538461539 0.9495764038461538 0.6459052692307693 0.9329908221153846 0.7561706874999999 0.8371630168269231 0.8322831009615383 0.7763492163461538 0.8732667067307692 0.7579207932692308 0.9054681129807692 0.6786785697115385 0.9093713125 0.520194125 0.9220567139423077 0.4059378966346153 0.937669516826923 0.35802399278846153 0.9503549182692308 0.31563861778846153 0.9571855192307692 0.2529819759615385 0.9366937163461538 0.21612512740384615 0.9122987115384615 0.21243944230769232 0.8957101105769231 0.23086786778846152 0.8888795096153845 0.26956755769230767 0.885952108173077 0.3617096778846154 0.8596055048076923 0.37460957451923077 0.8322831009615383 0.3414384110576923 0.8205734975961538 0.3045815625 0.8098396971153845 0.26403903125 0.8010574951923076 0.23639639423076925 0.7766624903846153 0.23823923798076924 0.7664506298076923 0.2611959110576923 0.7664506298076923 0.30079559375 0.7874189855769231 0.34039527644230766 0.8003621802884615 0.3889948870192308 0.7961784951923078 0.4262091610576923 0.7971542932692308 0.4612231682692308 0.7815414927884615 0.5128227548076923 0.7551948870192308 0.5367797067307692 0.6211780408653845 0.5797933605769231 0.48869614903846154 0.576193389423077 0.3104651153846154 0.5815933485576923 0.22435960336538463 0.5478367596153846 0.20094039903846153 0.5257226514423077 0.19410979807692305 0.4907086466346154 0.2019161995192308 0.435423375 0.21265 0.3930379975961538 0.24094820432692307 0.34328125480769234 0.24680300721153847 0.30273872115384615 0.23997240625 0.2548248197115385 0.21850480288461538 0.24745344951923076 0.19801299759615384 0.2621961875 0.18142439663461538 0.31563861778846153 0.1580051923076923 0.35618115144230766 0.12677958653846153 0.3285385144230769 0.11702158653846154 0.2879959807692308 0.10921518509615386 0.22533933894230768 0.09262658173076922 0.1995395456730769 0.07506218028846154 0.20138238942307693 0.059449377403846156 0.22533933894230768 0.05749777644230769 0.2621961875 0.07311057932692308 0.3395955697115385 0.0838443798076923 0.42989484615384616 0.08969918028846154 0.5220369663461539 0.09262658173076922 0.628921826923077