7 0.2811475408653846 0.46099431249999995 0.2801944350961538 0.42679458653846153 0.2830537548076923 0.3601951177884616 0.2706633629807692 0.3493952043269231 0.25731986298076925 0.3745950024038462 0.2411170408653846 0.45019439903846153 0.2582729711538462 0.47179422596153847 0.27256957692307693 0.4861941105769231 0.2811475408653846 0.46099431249999995
7 0.3211780408653846 0.46459428365384614 0.32213114663461534 0.4123946995192308 0.32403736298076924 0.34399524759615385 0.3126000769230769 0.3187954495192308 0.30306900480769233 0.34759521875000005 0.29925657692307694 0.3871949014423077 0.29163171875 0.3997948028846154 0.2830537548076923 0.4555943557692308 0.2868661826923077 0.484394125 0.2973503629807692 0.48259413942307694 0.30497521875 0.4951940384615385 0.3126000769230769 0.4951940384615385 0.3211780408653846 0.46459428365384614
7 0.3631147548076923 0.5023939807692307 0.36216164663461536 0.47179422596153847 0.3593023245192307 0.43579451442307693 0.3593023245192307 0.3925948581730769 0.3497712548076923 0.3313953485576923 0.34309950480769236 0.3457952331730769 0.34309950480769236 0.40159478605769233 0.3335684326923077 0.3421952620192308 0.32880289663461537 0.3547951610576923 0.3278497908653846 0.44119447115384614 0.3164125048076923 0.48799409615384615 0.32880289663461537 0.5239938076923077 0.3345215408653846 0.5239938076923077 0.34309950480769236 0.4987940096153846 0.3469119326923077 0.5203938365384615 0.35548989663461533 0.5221938221153846 0.3631147548076923 0.5023939807692307
8 0.39266107451923077 0.4195946442307692 0.39552039663461536 0.36199510336538465 0.3869424326923077 0.3457952331730769 0.3774113605769231 0.36559507451923073 0.3688333966346154 0.3853949182692308 0.3669271826923077 0.44479444230769233 0.36216164663461536 0.5005939951923077 0.3774113605769231 0.5257937932692308 0.38503621875000005 0.5077939375 0.397426610576923 0.505993951923077 0.3945672884615385 0.4699942403846154 0.39266107451923077 0.4195946442307692
8 0.4288791466346154 0.39619482932692307 0.42506671875 0.3331953341346154 0.40505146875 0.36199510336538465 0.40028593269230767 0.45739434134615387 0.39170796874999997 0.5131938942307692 0.4060045745192308 0.5383936923076923 0.4136294326923077 0.5041939663461539 0.4241136105769231 0.5203938365384615 0.42983225240384615 0.45919432692307693 0.4288791466346154 0.39619482932692307
0 0.4441288605769231 0.43579451442307693 0.44698818269230767 0.3529951754807692 0.4450819663461539 0.3097955216346154 0.4288791466346154 0.30619555048076924 0.42125428846153845 0.38359493028846153 0.4145825384615385 0.4663942692307692 0.4136294326923077 0.5131938942307692 0.42601982451923076 0.5581935336538462 0.4431757524038461 0.5149938798076923 0.4431757524038461 0.46819425480769233 0.4441288605769231 0.43579451442307693
4 0.47367518028846156 0.34039527644230766 0.4622378966346154 0.34039527644230766 0.45651925240384617 0.38179494471153846 0.45080061057692306 0.47179422596153847 0.4450819663461539 0.5257937932692308 0.44984750240384613 0.5437936490384615 0.47176896634615384 0.5455936346153846 0.4708158605769231 0.4771941826923077 0.4746282884615385 0.38359493028846153 0.47367518028846156 0.34039527644230766
2 0.4955966442307692 0.44119447115384614 0.48987800240384616 0.3547951610576923 0.48225314423076926 0.3367953052884615 0.4774876105769231 0.36379508894230767 0.47367518028846156 0.4699942403846154 0.4698627524038462 0.4987940096153846 0.47176896634615384 0.5545935625 0.5003621802884616 0.552793576923077 0.5013152884615384 0.5077939375 0.4955966442307692 0.4663942692307692 0.4955966442307692 0.44119447115384614
2 0.5299085024038461 0.35839513221153846 0.5260960745192308 0.34399524759615385 0.5175181081730769 0.36559507451923073 0.5070339302884616 0.4699942403846154 0.5060808245192308 0.49339405288461535 0.5022683942307692 0.5545935625 0.5327678221153846 0.5545935625 0.5337209302884616 0.5149938798076923 0.5318147163461538 0.484394125 0.5299085024038461 0.35839513221153846
4 0.5451582163461539 0.34759521875000005 0.5356271442307692 0.32959536298076925 0.5308616081730769 0.3691950456730769 0.5327678221153846 0.45919432692307693 0.5318147163461538 0.5005939951923077 0.5356271442307692 0.5563935480769231 0.5604079302884615 0.5437936490384615 0.5556423942307692 0.46819425480769233 0.5527830721153847 0.40519475961538465 0.5451582163461539 0.34759521875000005
0 0.5851887163461538 0.3529951754807692 0.5766107524038462 0.31159550721153845 0.5642203581730769 0.3367953052884615 0.5623141442307692 0.37819497355769227 0.5613610360576924 0.4537943701923077 0.5623141442307692 0.5095939230769231 0.5766107524038462 0.5545935625 0.5928135721153847 0.4987940096153846 0.5880480360576923 0.4339945288461538 0.5851887163461538 0.3529951754807692
8 0.6128288221153846 0.45019439903846153 0.6118757139423077 0.41059471634615385 0.6071101802884615 0.36559507451923073 0.5985322163461538 0.3601951177884616 0.5890011442307692 0.41599467067307694 0.5870949302884616 0.4555943557692308 0.5870949302884616 0.484394125 0.5918604663461539 0.5041939663461539 0.6052039639423077 0.5239938076923077 0.61664125 0.4987940096153846 0.6128288221153846 0.45019439903846153
8 0.6395158221153847 0.37279501682692306 0.6299847500000001 0.3385952908653846 0.6214067860576923 0.3601951177884616 0.6118757139423077 0.43939448557692307 0.6090163942307693 0.484394125 0.6195005721153847 0.505993951923077 0.6328440721153845 0.5167938653846154 0.6433282499999999 0.49339405288461535 0.6376096081730769 0.4465944278846154 0.6395158221153847 0.37279501682692306
7 0.6547655360576923 0.49699402403846155 0.6642966057692308 0.484394125 0.6671559278846153 0.5023939807692307 0.6804994278846154 0.49699402403846155 0.6862180697115385 0.4753941971153846 0.6785932139423078 0.3925948581730769 0.6862180697115385 0.32599539182692305 0.6747807860576922 0.32599539182692305 0.6642966057692308 0.36379508894230767 0.662390391826923 0.32959536298076925 0.6576248557692307 0.32959536298076925 0.6433282499999999 0.36559507451923073 0.6433282499999999 0.42679458653846153 0.6414220360576923 0.45919432692307693 0.6480937860576923 0.49699402403846155 0.6547655360576923 0.49699402403846155
7 0.7043271057692307 0.47899416826923075 0.7071864278846154 0.46819425480769233 0.7167174999999999 0.46819425480769233 0.7224361418269231 0.44479444230769233 0.7176706057692308 0.4033947740384616 0.7129050697115384 0.37639498798076926 0.7014677836538462 0.3349953197115385 0.6976553557692308 0.32419540625 0.68335875 0.3385952908653846 0.6843118557692307 0.4195946442307692 0.6795463197115384 0.46099431249999995 0.6852649639423076 0.47899416826923075 0.6947960360576922 0.47899416826923075 0.7043271057692307 0.47899416826923075
7 0.7481700336538462 0.3457952331730769 0.7348265336538462 0.3313953485576923 0.7243423557692308 0.3457952331730769 0.7233892475961539 0.39799481490384614 0.7233892475961539 0.4483944134615384 0.7443576057692307 0.4663942692307692 0.7615135336538461 0.42859457211538465 0.7605604278846154 0.3997948028846154 0.7481700336538462 0.3457952331730769
7 0.7672321778846154 0.6409928725961538 0.7605604278846154 0.6157930745192307 0.7567479975961539 0.5797933605769231 0.7796225697115384 0.6103931177884616 0.7901067475961538 0.6103931177884616 0.7901067475961538 0.5923932620192308 0.7653259615384616 0.5419936634615385 0.7634197475961538 0.5167938653846154 0.7577011057692308 0.49699402403846155 0.7434044975961539 0.4951940384615385 0.7386389639423078 0.5167938653846154 0.7243423557692308 0.5041939663461539 0.7138581778846155 0.5167938653846154 0.7157643918269231 0.5347937211538462 0.7243423557692308 0.576193389423077 0.7500762475961539 0.6463928293269231 0.7624666418269231 0.6589927283653847 0.7672321778846154 0.6409928725961538
7 0.7214830336538461 0.6913924687499999 0.7338734278846153 0.6877924975961538 0.7348265336538462 0.6823925408653846 0.7195768197115384 0.6643926850961539 0.7157643918269231 0.6301929591346155 0.7414982836538461 0.6697926418269231 0.7510293557692307 0.6733926129807692 0.7472169278846154 0.6499928004807691 0.7319672139423077 0.6085931322115384 0.7195768197115384 0.576193389423077 0.7186237139423077 0.5455936346153846 0.702420891826923 0.5149938798076923 0.6986084639423077 0.5185938509615384 0.6909836057692308 0.5401936778846154 0.6804994278846154 0.5365937067307692 0.6690621418269231 0.5473936201923076 0.6757338918269231 0.5833933317307692 0.6824056418269231 0.6049931610576923 0.6881242860576923 0.6319929447115384 0.6995615697115384 0.6625926995192307 0.7214830336538461 0.6913924687499999
7 0.6728745697115385 0.7525919783653846 0.6814525360576924 0.7489920072115385 0.6614372860576924 0.6913924687499999 0.65667175 0.64459284375 0.6614372860576924 0.6373929014423076 0.6728745697115385 0.66799265625 0.6900305 0.739992079326923 0.7014677836538462 0.7381920937500001 0.6995615697115384 0.716592266826923 0.6909836057692308 0.6751925985576922 0.6852649639423076 0.6409928725961538 0.6709683557692308 0.5977932163461538 0.6690621418269231 0.576193389423077 0.6671559278846153 0.5455936346153846 0.6585779639423077 0.5419936634615385 0.6519062139423077 0.552793576923077 0.6433282499999999 0.5545935625 0.6299847500000001 0.5545935625 0.6223598942307693 0.5635934903846154 0.6214067860576923 0.5887932884615384 0.6357033942307692 0.6247930024038462 0.6385627139423077 0.6535927716346154 0.6528593221153846 0.7183922524038462 0.6728745697115385 0.7525919783653846
8 0.6414220360576923 0.7705918341346153 0.6414220360576923 0.7435920504807693 0.6347502860576923 0.6841925264423078 0.623313 0.619393045673077 0.6156881442307692 0.577993375 0.5994853221153846 0.5671934615384615 0.5937666802884615 0.5797933605769231 0.5937666802884615 0.6103931177884616 0.6023446442307692 0.6319929447115384 0.6109226081730769 0.6697926418269231 0.6280785360576923 0.7435920504807693 0.6414220360576923 0.7705918341346153
8 0.6071101802884615 0.7885916923076923 0.6109226081730769 0.7777917788461538 0.6023446442307692 0.7039923677884615 0.5975791081730769 0.6301929591346155 0.596626 0.5887932884615384 0.5804231802884615 0.5743934038461538 0.5689858942307692 0.577993375 0.5651734663461538 0.6031931730769231 0.5727983221153846 0.642792858173077 0.5813762860576923 0.6859925120192307 0.5956728942307692 0.7723918221153846 0.6071101802884615 0.7885916923076923
0 0.5785169663461539 0.8101915192307693 0.5832825 0.7993916033653845 0.5699390024038462 0.7417920649038462 0.5680327860576923 0.6913924687499999 0.5680327860576923 0.6337929302884615 0.5680327860576923 0.595993233173077 0.5575486081730769 0.572593420673077 0.5537361802884615 0.5671934615384615 0.5346740384615385 0.5851933173076923 0.5327678221153846 0.6463928293269231 0.5403926802884615 0.6913924687499999 0.5527830721153847 0.76159190625 0.5785169663461539 0.8101915192307693
4 0.5299085024038461 0.7507919927884615 0.5318147163461538 0.64459284375 0.5394395721153846 0.5833933317307692 0.5137056802884615 0.5815933485576923 0.5165650024038462 0.642792858173077 0.5184712163461538 0.7363921081730769 0.5251429663461539 0.7687918509615385 0.5299085024038461 0.7507919927884615
2 0.5117994663461538 0.7507919927884615 0.5156118942307693 0.6643926850961539 0.5213305384615384 0.5851933173076923 0.4936904302884615 0.5887932884615384 0.5003621802884616 0.6517927860576923 0.5003621802884616 0.7363921081730769 0.5070339302884616 0.759791920673077 0.5117994663461538 0.7507919927884615
2 0.4955966442307692 0.7417920649038462 0.4994090745192308 0.6589927283653847 0.5013152884615384 0.6013931899038462 0.47558139663461535 0.5977932163461538 0.48034693028846154 0.6481928149038462 0.48225314423076926 0.7291921658653846 0.49273732451923075 0.7579919350961538 0.4955966442307692 0.7417920649038462
4 0.47653450240384615 0.7687918509615385 0.4813000384615385 0.7201922379807691 0.4813000384615385 0.6553927572115386 0.47939382451923074 0.5869933052884615 0.4527068245192308 0.5905932764423076 0.4574723605769231 0.6463928293269231 0.46509721634615386 0.71479228125 0.4708158605769231 0.7687918509615385 0.47653450240384615 0.7687918509615385
0 0.44794128846153847 0.8083915336538462 0.4574723605769231 0.7759917908653846 0.45556614663461537 0.7291921658653846 0.45842546634615383 0.6571927427884615 0.45937857451923075 0.6139930889423076 0.4450819663461539 0.576193389423077 0.43173846634615387 0.577993375 0.42601982451923076 0.64459284375 0.4279260384615385 0.7039923677884615 0.43173846634615387 0.7687918509615385 0.44794128846153847 0.8083915336538462
8 0.40505146875 0.7903916778846154 0.41744186057692306 0.7687918509615385 0.4241136105769231 0.7075923389423077 0.4222073966346154 0.6499928004807691 0.42983225240384615 0.6067931466346154 0.41744186057692306 0.5815933485576923 0.40028593269230767 0.5905932764423076 0.39837971875 0.6409928725961538 0.4021921466346154 0.7291921658653846 0.39552039663461536 0.78499171875 0.40505146875 0.7903916778846154
8 0.3612085408653846 0.7669918629807693 0.3678802908653846 0.7831917355769231 0.37931757451923076 0.759791920673077 0.3888486466346154 0.7093923245192308 0.39837971875 0.642792858173077 0.4060045745192308 0.5797933605769231 0.4012390384615384 0.5689934471153847 0.3907548605769231 0.572593420673077 0.37550514663461537 0.5707934326923076 0.3688333966346154 0.5923932620192308 0.37073961057692306 0.6355929158653846 0.37169271875 0.6553927572115386 0.3688333966346154 0.71479228125 0.3612085408653846 0.7669918629807693
7 0.3002096826923077 0.7489920072115385 0.3126000769230769 0.7363921081730769 0.3268966826923077 0.7075923389423077 0.3421463966346154 0.66799265625 0.3364277548076923 0.7219922235576923 0.32499046875 0.739992079326923 0.3230842548076923 0.7507919927884615 0.3268966826923077 0.7687918509615385 0.3440526105769231 0.7417920649038462 0.3631147548076923 0.7003923966346155 0.3669271826923077 0.6535927716346154 0.37645825480769235 0.6247930024038462 0.37931757451923076 0.5941932451923078 0.37073961057692306 0.5743934038461538 0.35548989663461533 0.5833933317307692 0.3507243605769231 0.5653934759615384 0.3421463966346154 0.5635934903846154 0.3278497908653846 0.5815933485576923 0.32499046875 0.6265929879807692 0.3126000769230769 0.689592483173077 0.29830346875 0.7381920937500001 0.3002096826923077 0.7489920072115385
7 0.24207014903846155 0.6913924687499999 0.25160122115384614 0.6931924543269231 0.26399161298076923 0.6805925552884615 0.2830537548076923 0.6391928870192308 0.2954441490384615 0.6283929735576923 0.2925848269230769 0.6553927572115386 0.27352268509615385 0.6859925120192307 0.2706633629807692 0.712992295673077 0.2840068629807692 0.7075923389423077 0.30497521875 0.6715926274038462 0.3164125048076923 0.6301929591346155 0.3278497908653846 0.577993375 0.3297560048076923 0.552793576923077 0.3164125048076923 0.5491936057692308 0.3078345408653846 0.5491936057692308 0.3078345408653846 0.5401936778846154 0.2973503629807692 0.53119375 0.28210064903846155 0.5473936201923076 0.2763820048076923 0.5923932620192308 0.2582729711538462 0.6481928149038462 0.24397636298076925 0.6697926418269231 0.24207014903846155 0.6913924687499999
7 0.21824247115384615 0.6265929879807692 0.24492947115384614 0.5941932451923078 0.24492947115384614 0.6103931177884616 0.22300800721153846 0.6571927427884615 0.22300800721153846 0.66799265625 0.23158597115384616 0.66799265625 0.24207014903846155 0.6661926706730769 0.26113229086538464 0.6319929447115384 0.27352268509615385 0.5995932043269231 0.2830537548076923 0.5509935913461539 0.28210064903846155 0.5293937644230768 0.2706633629807692 0.5203938365384615 0.2630385048076923 0.5329937355769231 0.2582729711538462 0.5113939086538462 0.24874189903846153 0.5041939663461539 0.2392108269230769 0.5239938076923077 0.23158597115384616 0.5689934471153847 0.20108654326923076 0.6265929879807692 0.20585207692307692 0.6463928293269231 0.21824247115384615 0.6265929879807692
6 0.3478650408653846 0.5365937067307692 0.44603507451923075 0.5635934903846154 0.6109226081730769 0.5455936346153846 0.6881242860576923 0.5077939375 0.7662790697115385 0.46099431249999995 0.7739039254807693 0.38359493028846153 0.7596073197115385 0.32599539182692305 0.7252954639423077 0.2953956370192308 0.6156881442307692 0.3133954927884615 0.49750286057692306 0.28099575240384617 0.37455204086538463 0.30799553605769237 0.2658978269230769 0.30079559375 0.24683568509615383 0.32599539182692305 0.22967975721153847 0.3871949014423077 0.22777354086538462 0.43939448557692307 0.23349218509615385 0.4663942692307692 0.26399161298076923 0.5005939951923077 0.3478650408653846 0.5365937067307692
5 0.15343118509615386 0.7471920216346154 0.17154022115384615 0.7525919783653846 0.2620853990384615 0.8425912596153846 0.39361418269230775 0.9487904086538462 0.5175181081730769 0.9271905817307692 0.6337971778846154 0.8965908269230769 0.7052802139423077 0.8227914182692307 0.8034502475961538 0.6913924687499999 0.8482462836538461 0.66799265625 0.8606366754807693 0.64459284375 0.8720739615384615 0.5167938653846154 0.8854174615384616 0.40699474278846154 0.902573389423077 0.31519547836538464 0.9264010673076922 0.2485960120192308 0.9130575673076924 0.20539635576923077 0.8901829975961538 0.20899632932692308 0.8673084254807691 0.2521959831730769 0.8682615336538462 0.29719562259615384 0.8520587115384616 0.32959536298076925 0.8177468557692307 0.35839513221153846 0.7862943197115384 0.3331953341346154 0.7767632475961539 0.27379581009615384 0.7500762475961539 0.234196125 0.7262485697115384 0.24139606971153846 0.7243423557692308 0.27739578125000003 0.7414982836538461 0.31519547836538464 0.7605604278846154 0.3565951466346154 0.7719977115384615 0.3997948028846154 0.7596073197115385 0.45919432692307693 0.7005146778846154 0.5077939375 0.5880480360576923 0.552793576923077 0.4612847884615385 0.5689934471153847 0.3364277548076923 0.5347937211538462 0.24492947115384614 0.484394125 0.23158597115384616 0.43579451442307693 0.23349218509615385 0.39079487500000004 0.25160122115384614 0.32599539182692305 0.27256957692307693 0.28819569471153844 0.26494471875000003 0.24319605528846155 0.2430232548076923 0.24139606971153846 0.21824247115384615 0.2917956658653846 0.19822722115384617 0.3493952043269231 0.16296225721153845 0.36559507451923073 0.13055661538461538 0.28999568028846157 0.13055661538461538 0.2449960408653846 0.12293175721153847 0.20719634134615386 0.09815097115384616 0.16939664423076922 0.07241707932692308 0.1873965 0.07241707932692308 0.23599611298076925 0.09052611538461539 0.32599539182692305 0.09719786538461538 0.4375945 0.10863515144230769 0.6697926418269231 0.15343118509615386 0.7471920216346154