7 0.2325390769230769 0.6139930889423076 0.24207014903846155 0.6247930024038462 0.25255432692307694 0.6247930024038462 0.2544605408653846 0.6031931730769231 0.2496950048076923 0.5617935048076923 0.24492947115384614 0.5149938798076923 0.2325390769230769 0.49699402403846155 0.22491422115384616 0.5167938653846154 0.21157072115384615 0.5203938365384615 0.22110179086538462 0.5491936057692308 0.21538314903846154 0.576193389423077 0.21061761298076925 0.6013931899038462 0.21824247115384615 0.6211930312499999 0.2325390769230769 0.6139930889423076
7 0.3002096826923077 0.6049931610576923 0.29353793269230766 0.572593420673077 0.2887723990384615 0.5365937067307692 0.2744757908653846 0.4951940384615385 0.26875714903846154 0.4951940384615385 0.2763820048076923 0.5437936490384615 0.26113229086538464 0.5023939807692307 0.2535074350961538 0.505993951923077 0.2620853990384615 0.552793576923077 0.2582729711538462 0.595993233173077 0.2592260769230769 0.6229930168269231 0.2744757908653846 0.6283929735576923 0.2925848269230769 0.6319929447115384 0.3002096826923077 0.6283929735576923 0.3002096826923077 0.6049931610576923
7 0.32880289663461537 0.6265929879807692 0.3345215408653846 0.6301929591346155 0.3488181466346154 0.6247930024038462 0.35167746875000006 0.6121931033653847 0.3402401826923077 0.5509935913461539 0.32213114663461534 0.48799409615384615 0.3078345408653846 0.4699942403846154 0.3002096826923077 0.49699402403846155 0.3059283269230769 0.5617935048076923 0.29925657692307694 0.6031931730769231 0.3087876466346154 0.6337929302884615 0.3259435769230769 0.6337929302884615 0.32880289663461537 0.6265929879807692
8 0.3774113605769231 0.5401936778846154 0.3726458245192308 0.47899416826923075 0.3573961105769231 0.44299445673076926 0.3507243605769231 0.48799409615384615 0.3507243605769231 0.5473936201923076 0.3507243605769231 0.5887932884615384 0.3545367908653846 0.6049931610576923 0.3688333966346154 0.6229930168269231 0.3859893245192308 0.6031931730769231 0.3859893245192308 0.5815933485576923 0.3774113605769231 0.5401936778846154
8 0.4098170024038461 0.4663942692307692 0.39170796874999997 0.44119447115384614 0.3831300048076923 0.47179422596153847 0.3831300048076923 0.5491936057692308 0.37931757451923076 0.5887932884615384 0.39361418269230775 0.6175930600961539 0.4021921466346154 0.6139930889423076 0.41839496875000004 0.5977932163461538 0.4203011826923077 0.5635934903846154 0.4098170024038461 0.4663942692307692
0 0.43173846634615387 0.4915940673076923 0.4241136105769231 0.41599467067307694 0.41648875240384614 0.4141946875 0.40886389663461536 0.45919432692307693 0.40505146875 0.5203938365384615 0.41839496875000004 0.5905932764423076 0.43745711057692305 0.6067931466346154 0.4450819663461539 0.5941932451923078 0.44698818269230767 0.5455936346153846 0.43173846634615387 0.4915940673076923
4 0.48225314423076926 0.42679458653846153 0.4746282884615385 0.4033947740384616 0.4603316802884615 0.4231946153846154 0.4536599326923077 0.45919432692307693 0.4431757524038461 0.5185938509615384 0.4431757524038461 0.5617935048076923 0.4527068245192308 0.5923932620192308 0.4698627524038462 0.5545935625 0.4708158605769231 0.5041939663461539 0.48225314423076926 0.42679458653846153
2 0.49750286057692306 0.40159478605769233 0.4851124663461538 0.42499460096153846 0.47939382451923074 0.44299445673076926 0.47653450240384615 0.5131938942307692 0.47367518028846156 0.5671934615384615 0.5079870384615385 0.572593420673077 0.5060808245192308 0.5077939375 0.504174610576923 0.4375945 0.49750286057692306 0.40159478605769233
2 0.5518299663461538 0.42139462740384614 0.5451582163461539 0.4033947740384616 0.5251429663461539 0.42139462740384614 0.5156118942307693 0.4699942403846154 0.5117994663461538 0.505993951923077 0.5079870384615385 0.5653934759615384 0.5432520024038461 0.5671934615384615 0.5432520024038461 0.5077939375 0.5489706442307692 0.4465944278846154 0.5518299663461538 0.42139462740384614
4 0.5747045360576923 0.5437936490384615 0.5708921081730769 0.5149938798076923 0.5689858942307692 0.46459428365384614 0.5632672524038461 0.42679458653846153 0.5565955024038461 0.42679458653846153 0.5489706442307692 0.45919432692307693 0.5489706442307692 0.5113939086538462 0.5489706442307692 0.5581935336538462 0.5527830721153847 0.5833933317307692 0.5708921081730769 0.5923932620192308 0.5747045360576923 0.577993375 0.5747045360576923 0.5437936490384615
0 0.596626 0.40879473076923073 0.5909073581730769 0.41599467067307694 0.5861418221153847 0.4465944278846154 0.577563858173077 0.5185938509615384 0.5727983221153846 0.5815933485576923 0.5918604663461539 0.6157930745192307 0.6071101802884615 0.6049931610576923 0.6080632860576923 0.46099431249999995 0.596626 0.40879473076923073
8 0.6290316442307693 0.5167938653846154 0.6318909639423077 0.46279429807692307 0.623313 0.44119447115384614 0.6147350360576923 0.46099431249999995 0.6090163942307693 0.5113939086538462 0.6013915360576922 0.5617935048076923 0.6013915360576922 0.5869933052884615 0.6147350360576923 0.6085931322115384 0.6299847500000001 0.6175930600961539 0.6357033942307692 0.5995932043269231 0.6290316442307693 0.5167938653846154
8 0.6681090360576923 0.4483944134615384 0.6528593221153846 0.47179422596153847 0.644281358173077 0.5149938798076923 0.6337971778846154 0.5671934615384615 0.6347502860576923 0.6049931610576923 0.6452344639423077 0.619393045673077 0.6633435 0.6139930889423076 0.6604841778846153 0.552793576923077 0.6681090360576923 0.47899416826923075 0.6681090360576923 0.4483944134615384
7 0.7052802139423077 0.5689934471153847 0.7109988557692308 0.5005939951923077 0.7062333197115385 0.4735942115384616 0.6976553557692308 0.4735942115384616 0.6804994278846154 0.505993951923077 0.6747807860576922 0.5545935625 0.6604841778846153 0.5977932163461538 0.67001525 0.6211930312499999 0.6881242860576923 0.6211930312499999 0.7014677836538462 0.6229930168269231 0.7109988557692308 0.6049931610576923 0.7052802139423077 0.5689934471153847
7 0.7529355697115385 0.6103931177884616 0.7557948918269232 0.5923932620192308 0.7472169278846154 0.5545935625 0.7491231418269231 0.505993951923077 0.7414982836538461 0.4735942115384616 0.7348265336538462 0.53119375 0.7224361418269231 0.47899416826923075 0.7186237139423077 0.505993951923077 0.7186237139423077 0.5491936057692308 0.7138581778846155 0.5671934615384615 0.7071864278846154 0.6103931177884616 0.7224361418269231 0.6247930024038462 0.7386389639423078 0.6247930024038462 0.7529355697115385 0.6103931177884616
7 0.7824818918269231 0.5239938076923077 0.7777163557692308 0.48259413942307694 0.7634197475961538 0.4915940673076923 0.7615135336538461 0.5131938942307692 0.7548417836538461 0.5635934903846154 0.7500762475961539 0.5887932884615384 0.7567479975961539 0.6103931177884616 0.7748570336538462 0.6085931322115384 0.7929660697115384 0.5869933052884615 0.7862943197115384 0.5437936490384615 0.7824818918269231 0.5239938076923077
7 0.802497139423077 0.7363921081730769 0.7986847115384615 0.7093923245192308 0.7939191754807692 0.6751925985576922 0.8082157836538462 0.7057923533653846 0.8225123894230768 0.7219922235576923 0.8225123894230768 0.7075923389423077 0.8158406394230769 0.66799265625 0.8053564615384615 0.6355929158653846 0.8053564615384615 0.6031931730769231 0.7958253894230769 0.5905932764423076 0.7777163557692308 0.6157930745192307 0.7605604278846154 0.6265929879807692 0.7557948918269232 0.6373929014423076 0.7643728557692308 0.6661926706730769 0.7719977115384615 0.6769925841346154 0.7834349975961538 0.7183922524038462 0.802497139423077 0.7471920216346154 0.802497139423077 0.7363921081730769
7 0.7510293557692307 0.7363921081730769 0.7643728557692308 0.7795917620192309 0.769138391826923 0.7795917620192309 0.7634197475961538 0.7255921947115385 0.7605604278846154 0.6823925408653846 0.7596073197115385 0.6355929158653846 0.7472169278846154 0.6301929591346155 0.7367327475961538 0.6373929014423076 0.7233892475961539 0.6373929014423076 0.7119519639423076 0.64459284375 0.7129050697115384 0.6769925841346154 0.7205299278846155 0.6967924254807693 0.729107891826923 0.7183922524038462 0.7472169278846154 0.7867917067307691 0.7510293557692307 0.78499171875 0.7510293557692307 0.7363921081730769
7 0.69670225 0.7957916346153847 0.6928898197115385 0.739992079326923 0.695749141826923 0.716592266826923 0.703374 0.7417920649038462 0.7138581778846155 0.7993916033653845 0.7186237139423077 0.7993916033653845 0.7195768197115384 0.7543919663461539 0.7109988557692308 0.6985924110576923 0.7138581778846155 0.6409928725961538 0.7052802139423077 0.6409928725961538 0.6919367139423076 0.6481928149038462 0.6681090360576923 0.64459284375 0.6681090360576923 0.6535927716346154 0.67001525 0.6859925120192307 0.6785932139423078 0.712992295673077 0.6824056418269231 0.7687918509615385 0.6919367139423076 0.806591548076923 0.69670225 0.7957916346153847
8 0.6690621418269231 0.7867917067307691 0.6652497139423077 0.7093923245192308 0.6662028221153846 0.6805925552884615 0.6642966057692308 0.6391928870192308 0.65667175 0.6337929302884615 0.644281358173077 0.6337929302884615 0.6395158221153847 0.642792858173077 0.6395158221153847 0.6589927283653847 0.6461875721153846 0.7093923245192308 0.6519062139423077 0.7579919350961538 0.6662028221153846 0.7975916201923077 0.6690621418269231 0.7867917067307691
8 0.6366565000000001 0.712992295673077 0.6376096081730769 0.6697926418269231 0.6318909639423077 0.6319929447115384 0.6156881442307692 0.6229930168269231 0.6061570721153846 0.642792858173077 0.6128288221153846 0.6931924543269231 0.6337971778846154 0.7975916201923077 0.6357033942307692 0.7921916634615385 0.6366565000000001 0.712992295673077
0 0.6080632860576923 0.8083915336538462 0.6109226081730769 0.739992079326923 0.6099694999999999 0.6805925552884615 0.6118757139423077 0.6319929447115384 0.577563858173077 0.6319929447115384 0.584235608173077 0.6877924975961538 0.5918604663461539 0.7435920504807693 0.6023446442307692 0.8083915336538462 0.6080632860576923 0.8083915336538462
4 0.5813762860576923 0.7795917620192309 0.5785169663461539 0.6823925408653846 0.5766107524038462 0.6247930024038462 0.5489706442307692 0.6139930889423076 0.5546892860576923 0.6733926129807692 0.5699390024038462 0.7705918341346153 0.5756576442307693 0.78499171875 0.5813762860576923 0.7795917620192309
2 0.550876858173077 0.6823925408653846 0.550876858173077 0.6013931899038462 0.5175181081730769 0.6049931610576923 0.5280022884615385 0.6661926706730769 0.5499237524038462 0.7903916778846154 0.5604079302884615 0.7813917499999999 0.550876858173077 0.6823925408653846
2 0.5203774302884615 0.6661926706730769 0.5194243245192308 0.5923932620192308 0.48892489423076924 0.595993233173077 0.5003621802884616 0.6661926706730769 0.5194243245192308 0.7957916346153847 0.524189858173077 0.7885916923076923 0.5203774302884615 0.6661926706730769
4 0.4917842163461538 0.6769925841346154 0.48701868028846157 0.5995932043269231 0.45842546634615383 0.6175930600961539 0.46700343028846153 0.6697926418269231 0.5003621802884616 0.78499171875 0.5051277163461538 0.7669918629807693 0.4917842163461538 0.6769925841346154
0 0.44794128846153847 0.7993916033653845 0.45461303846153844 0.7651918774038461 0.4612847884615385 0.6859925120192307 0.4622378966346154 0.6337929302884615 0.4412695384615385 0.6247930024038462 0.43173846634615387 0.642792858173077 0.42983225240384615 0.7039923677884615 0.43078536057692307 0.7453920360576922 0.4403164326923077 0.7993916033653845 0.44794128846153847 0.7993916033653845
8 0.4193480745192308 0.8029915769230769 0.43173846634615387 0.7525919783653846 0.43173846634615387 0.7021923822115385 0.43364468269230766 0.6499928004807691 0.41172321875 0.6337929302884615 0.3964735048076923 0.6481928149038462 0.3964735048076923 0.6769925841346154 0.40409836057692305 0.712992295673077 0.4060045745192308 0.7705918341346153 0.40791078846153844 0.8119915048076923 0.4193480745192308 0.8029915769230769
8 0.38789553846153846 0.7813917499999999 0.39552039663461536 0.716592266826923 0.39837971875 0.6841925264423078 0.3945672884615385 0.6499928004807691 0.38122379086538466 0.6499928004807691 0.36406786057692303 0.6553927572115386 0.36216164663461536 0.6805925552884615 0.3688333966346154 0.7273921802884615 0.3697865048076923 0.8173914615384615 0.3774113605769231 0.8155914759615384 0.38789553846153846 0.7813917499999999
7 0.31831871875 0.8047915625000001 0.3278497908653846 0.7813917499999999 0.3297560048076923 0.7489920072115385 0.3354746466346154 0.7327921370192307 0.34309950480769236 0.7561919495192307 0.34119329086538464 0.7723918221153846 0.3278497908653846 0.8083915336538462 0.3421463966346154 0.8101915192307693 0.35358368269230767 0.7795917620192309 0.3545367908653846 0.7525919783653846 0.35167746875000006 0.7273921802884615 0.3631147548076923 0.7021923822115385 0.36502096875 0.6535927716346154 0.3545367908653846 0.6553927572115386 0.33738086057692307 0.6625926995192307 0.33070911298076927 0.6535927716346154 0.3087876466346154 0.6535927716346154 0.3087876466346154 0.6769925841346154 0.3126000769230769 0.7201922379807691 0.3059283269230769 0.7795917620192309 0.31069386298076923 0.8047915625000001 0.31831871875 0.8047915625000001
7 0.26399161298076923 0.7741918076923077 0.2744757908653846 0.7363921081730769 0.2744757908653846 0.7723918221153846 0.27542889903846157 0.806591548076923 0.2811475408653846 0.7993916033653845 0.29353793269230766 0.7687918509615385 0.2963972548076923 0.7309921514423077 0.3059283269230769 0.7057923533653846 0.31355318269230764 0.6751925985576922 0.3040221129807692 0.6625926995192307 0.2887723990384615 0.6625926995192307 0.27352268509615385 0.6517927860576923 0.26113229086538464 0.6553927572115386 0.2582729711538462 0.6913924687499999 0.2582729711538462 0.7219922235576923 0.24683568509615383 0.7831917355769231 0.2535074350961538 0.7921916634615385 0.26399161298076923 0.7741918076923077
7 0.1991803269230769 0.7363921081730769 0.22014868509615385 0.7111923100961538 0.20966450721153845 0.759791920673077 0.20775829326923076 0.7795917620192309 0.21728936298076923 0.7795917620192309 0.23539839903846155 0.7381920937500001 0.2496950048076923 0.7021923822115385 0.26017918509615384 0.6517927860576923 0.25255432692307694 0.6499928004807691 0.23539839903846155 0.6499928004807691 0.22682043509615385 0.6337929302884615 0.21061761298076925 0.6283929735576923 0.20299275721153845 0.6499928004807691 0.20108654326923076 0.6769925841346154 0.18583682692307693 0.7417920649038462 0.19250857692307694 0.7579919350961538 0.1991803269230769 0.7363921081730769
6 0.23730461298076921 0.6307329543269231 0.3345215408653846 0.6397328822115385 0.41648875240384614 0.6217330264423077 0.48034693028846154 0.5767333870192307 0.5403926802884615 0.5839333293269231 0.6252192139423076 0.6253329975961539 0.7262485697115384 0.62893296875 0.7929660697115384 0.5875333004807692 0.7967784975961538 0.5209338317307692 0.8148875336538463 0.5011339903846154 0.8177468557692307 0.44893440865384615 0.7719977115384615 0.44353445192307694 0.6719214639423078 0.4345345240384615 0.5013152884615384 0.3697350408653846 0.33833396875 0.4309345528846154 0.17154022115384615 0.44893440865384615 0.17058711298076926 0.49753401923076923 0.19250857692307694 0.5497336033653846 0.19346168509615386 0.5965332283653846 0.23730461298076921 0.6307329543269231
5 0.09094548317307692 0.8611671105769231 0.1719595889423077 0.9115667067307692 0.2882386586538461 0.9655662764423076 0.4073770480769231 0.9601663197115384 0.5131719399038461 0.9421664639423077 0.6113419759615385 0.9421664639423077 0.7076057956730769 0.9457664350961538 0.7924323293269231 0.8899668798076923 0.8829775072115384 0.8269673846153847 0.912523826923077 0.7495680024038461 0.9201486850961539 0.7045683629807692 0.9249142211538461 0.5605695144230769 0.9420701490384615 0.40397076923076924 0.9544605408653847 0.3283713725961538 0.9382577211538461 0.3103715168269231 0.9230080072115385 0.3175714591346154 0.9020396490384616 0.3643710841346154 0.9020396490384616 0.4093707259615385 0.8886961490384616 0.43277053846153846 0.8543842932692307 0.39677082692307697 0.8315097211538462 0.3265713870192308 0.8162600072115385 0.2977716177884615 0.7952916514423076 0.30497156009615384 0.7943385432692308 0.37157102644230766 0.8105413653846154 0.43997048076923073 0.8257910793269231 0.49037007692307694 0.8238848653846154 0.5335697307692308 0.8210255432692308 0.5767693870192308 0.7219024014423077 0.6271689831730769 0.6332634399038461 0.6199690408653846 0.5188905841346154 0.5875693004807693 0.45979794230769233 0.6001691995192308 0.3206443004807692 0.6595687235576922 0.20531833653846154 0.6127690985576923 0.170053375 0.5857693125 0.17481890865384614 0.49577003365384614 0.18911551682692307 0.4345705240384615 0.19674037259615387 0.37337101201923073 0.19197483894230769 0.33377132932692305 0.16814715865384616 0.33197134375 0.15480365865384613 0.41477068269230766 0.11953869711538462 0.4597703221153846 0.09571101923076923 0.46517027884615386 0.07950819711538461 0.4525703798076923 0.076648875 0.41477068269230766 0.063305375 0.3823709423076923 0.037571483173076924 0.35717114182692306 0.017556233173076922 0.3625710985576923 0.016603127403846153 0.41477068269230766 0.041383911057692305 0.5911692716346153 0.049961875 0.7837677307692308 0.09094548317307692 0.8611671105769231