7 0.24882586298076925 0.5055593846153846 0.2566322644230769 0.49634517067307693 0.2644386658653846 0.4742310625 0.2634628653846154 0.44105989903846154 0.26151126442307693 0.4152601057692307 0.2605354639423077 0.37840325961538457 0.2566322644230769 0.35813199278846153 0.24882586298076925 0.35997483413461534 0.24199526201923077 0.37840325961538457 0.23614046153846152 0.3949888389423077 0.2293098605769231 0.43000284615384615 0.22833406009615384 0.47054537740384617 0.2351646610576923 0.49450232932692306 0.24882586298076925 0.5055593846153846
7 0.27617095913461537 0.5203449807692307 0.2878805625 0.5350877187499999 0.3015417644230769 0.5277163509615385 0.3064207644230769 0.5074450841346153 0.3044691658653846 0.44663128365384613 0.3054449639423077 0.3968745384615385 0.3025175649038462 0.36554621875 0.29080796153846156 0.35817484855769227 0.28202576201923074 0.36923190384615384 0.2742193605769231 0.3968745384615385 0.27226775961538463 0.4429455985576923 0.2605581586538462 0.4779596057692308 0.26153395673076923 0.5074450841346153 0.27617095913461537 0.5203449807692307
7 0.3161787668269231 0.5479876153846154 0.32983996875 0.5406162451923077 0.3395979711538461 0.5498304591346154 0.35618657211538457 0.5406162451923077 0.35618657211538457 0.5056022403846154 0.3493559711538462 0.4798024471153846 0.3483801706730769 0.43188854567307694 0.34350117067307695 0.3821318004807692 0.3376463701923077 0.37660327403846156 0.3308157692307692 0.41161727884615384 0.32593676923076925 0.38028895673076923 0.32203356730769234 0.3858174855769231 0.31910616826923077 0.42267433173076924 0.31715456730769226 0.4687453942307692 0.30739656490384615 0.4853309735576923 0.30739656490384615 0.5166592956730769 0.3161787668269231 0.5479876153846154
8 0.3854832716346154 0.5370162764423078 0.3893864711538461 0.5149021658653846 0.38060426923076923 0.4614597379807692 0.37572526923076927 0.3785318293269231 0.36303986778846153 0.3711604591346154 0.35718506490384616 0.38221751442307694 0.3552334663461538 0.4227600456730769 0.3532818653846154 0.4743596346153846 0.35035446634615386 0.5407019591346154 0.3688946682692308 0.5480733293269231 0.3854832716346154 0.5370162764423078
8 0.42061207692307695 0.5185021370192308 0.416708875 0.47058823557692303 0.4079266730769231 0.42083149038461537 0.40109607451923074 0.3673890600961538 0.3932896730769231 0.35817484855769227 0.3864590697115385 0.36923190384615384 0.3854832716346154 0.4134601201923077 0.38450747115384615 0.4650597091346154 0.38450747115384615 0.5277163509615385 0.3981686730769231 0.5516733004807692 0.40987827403846155 0.5387734038461539 0.4157330745192308 0.5461447740384615 0.42061207692307695 0.5185021370192308
0 0.4459601875 0.48901665865384614 0.4401053870192308 0.4245171754807692 0.4381537860576923 0.35264632211538466 0.4283957836538462 0.3286893701923077 0.41766198317307696 0.33790358173076923 0.4166861826923077 0.3858174855769231 0.41571038221153844 0.44663128365384613 0.4147345817307692 0.5166592956730769 0.42058938221153847 0.5498304591346154 0.4362021850961538 0.5443019302884615 0.4459601875 0.5185021370192308 0.4459601875 0.48901665865384614
3 0.4723294855769231 0.45953118028846157 0.46940208413461537 0.39503169711538466 0.46549888461538463 0.3673890600961538 0.45671668269230764 0.3618605336538462 0.4518376802884615 0.38950317067307694 0.44988608173076927 0.448474125 0.44891028125 0.5479876153846154 0.4752568846153846 0.5461447740384615 0.4733052836538461 0.5092879254807692 0.4723294855769231 0.45953118028846157
2 0.5054839975961538 0.4374170721153846 0.5025565961538462 0.39134601201923075 0.49865339663461533 0.3508034783653846 0.48987119471153845 0.34711779326923076 0.4849921923076923 0.3618605336538462 0.48401639423076925 0.4024030673076923 0.48401639423076925 0.45584549519230766 0.4832062524038462 0.4951940384615385 0.48011319230769234 0.5479876153846154 0.5113387980769231 0.5498304591346154 0.5103629975961538 0.49638802884615385 0.5054839975961538 0.4374170721153846
2 0.5415886033653846 0.4521598100961538 0.5425644038461539 0.4024030673076923 0.5454918028846154 0.3415892668269231 0.5376854014423077 0.33237505528846156 0.529879 0.33790358173076923 0.5230483990384616 0.35633200721153846 0.520121 0.4005602235576923 0.5191451995192308 0.45400265384615385 0.5132903990384615 0.5019165552884616 0.5171935985576923 0.5479876153846154 0.5425644038461539 0.5461447740384615 0.5406128028846153 0.5056022403846154 0.5415886033653846 0.4521598100961538
4 0.5689110072115384 0.4853309735576923 0.5689110072115384 0.40793159375 0.570862608173077 0.35633200721153846 0.5689110072115384 0.33237505528846156 0.5640320072115385 0.33606074038461536 0.5601288052884615 0.35817484855769227 0.5542740048076923 0.3968745384615385 0.5513466033653847 0.44663128365384613 0.5484192043269231 0.4908595024038461 0.5445160024038461 0.5314020336538461 0.5513466033653847 0.5443019302884615 0.5689110072115384 0.5479876153846154 0.5698868076923077 0.5277163509615385 0.5689110072115384 0.4853309735576923
0 0.6020882115384615 0.512973610576923 0.6011124134615384 0.45953118028846157 0.6030640120192308 0.4153029639423077 0.5991608125 0.34711779326923076 0.5923302115384615 0.32500368509615385 0.585499610576923 0.3452749519230769 0.5815964086538462 0.39503169711538466 0.5767174086538461 0.45584549519230766 0.5737514302884615 0.4861941105769231 0.5786690096153846 0.5185021370192308 0.5903786105769231 0.5479876153846154 0.5981850120192308 0.5479876153846154 0.6020882115384615 0.512973610576923
8 0.632338016826923 0.48348813221153847 0.6333138173076923 0.43188854567307694 0.6313622163461539 0.3858174855769231 0.6147736153846154 0.34896063701923075 0.6069672139423077 0.37291758894230764 0.6011124134615384 0.44663128365384613 0.5972092115384615 0.49270234375000005 0.5991608125 0.5166592956730769 0.6108704134615385 0.5406162451923077 0.6264832163461538 0.5443019302884615 0.6342896177884616 0.5221878221153846 0.632338016826923 0.48348813221153847
8 0.6586619278846153 0.44110275721153847 0.6586619278846153 0.38028895673076923 0.6489039254807693 0.35633200721153846 0.6410975264423077 0.3618605336538462 0.6362185240384615 0.3876603269230769 0.6313395240384616 0.4392599158653846 0.6284121225961539 0.48348813221153847 0.6313395240384616 0.5258735072115385 0.6469523269230769 0.5443019302884615 0.6654925288461538 0.5185021370192308 0.661589329326923 0.47611676201923075 0.6586619278846153 0.44110275721153847
7 0.706498829326923 0.5148164519230769 0.7104020288461539 0.4945451875 0.7045472283653846 0.4613740240384615 0.7016198293269231 0.42267433173076924 0.7016198293269231 0.4042459086538462 0.7113778293269231 0.363703375 0.7074746298076923 0.3452749519230769 0.6957650264423076 0.35633200721153846 0.6889344254807692 0.4042459086538462 0.6879586274038462 0.36554621875 0.6821038245192308 0.35817484855769227 0.6733216225961538 0.38028895673076923 0.6694184230769231 0.4134601201923077 0.6664910216346154 0.47243107692307695 0.6635636225961539 0.5166592956730769 0.6713700240384616 0.5277163509615385 0.6860070264423077 0.5166592956730769 0.7006440288461538 0.5277163509615385 0.706498829326923 0.5148164519230769
7 0.7552888365384616 0.4521598100961538 0.7426034350961538 0.4153029639423077 0.7367486346153846 0.35448916346153847 0.7279664326923078 0.35264632211538466 0.7240632307692307 0.33237505528846156 0.7152810312500001 0.33606074038461536 0.7123536298076923 0.3858174855769231 0.7113778293269231 0.4447884423076923 0.7113778293269231 0.4945451875 0.7152810312500001 0.5074450841346153 0.7289422331730768 0.5074450841346153 0.7513856370192307 0.49638802884615385 0.7591920384615385 0.4798024471153846 0.7552888365384616 0.4521598100961538
7 0.7777322403846154 0.38950317067307694 0.7650468389423076 0.35817484855769227 0.7572404375 0.33421789663461543 0.7435792355769231 0.3194751586538462 0.7406518341346153 0.34896063701923075 0.7465066346153846 0.38950317067307694 0.7523614375 0.4355742307692308 0.7572404375 0.4632168653846154 0.7748048413461538 0.4798024471153846 0.7913934423076923 0.4650597091346154 0.7894418413461538 0.4245171754807692 0.7777322403846154 0.38950317067307694
7 0.807982045673077 0.6401297355769231 0.8118852451923076 0.6309155240384615 0.8011514447115384 0.6217013125 0.7952966442307693 0.6051157307692308 0.7913934423076923 0.5848444639423077 0.79919984375 0.5959015192307692 0.8138368461538461 0.6198584687500001 0.8235948485576923 0.6198584687500001 0.8235948485576923 0.6032728870192308 0.8118852451923076 0.5682588822115384 0.8001756442307693 0.5369305625 0.7962724423076923 0.5037593990384616 0.7874902427884615 0.48348813221153847 0.7738290408653847 0.4853309735576923 0.7650468389423076 0.49823087259615384 0.7455308341346154 0.5074450841346153 0.7426034350961538 0.5258735072115385 0.7484582355769231 0.5553589855769231 0.7630952379807692 0.5756302524038461 0.7777322403846154 0.6180156274038461 0.7952966442307693 0.6419725793269231 0.807982045673077 0.6401297355769231
7 0.7562419447115385 0.7138005745192307 0.7552661442307692 0.7027435216346153 0.7455081418269232 0.6861579399038462 0.7328227403846154 0.6474582499999999 0.7337985408653847 0.621658454326923 0.7435565408653846 0.6364011947115386 0.7591693437499999 0.6787865697115384 0.767951545673077 0.6972149927884614 0.7699031466346155 0.68800078125 0.7699031466346155 0.6640438293269231 0.7562419447115385 0.625344139423077 0.7503871442307692 0.5940158197115385 0.74941134375 0.5737445528846153 0.7474597427884616 0.5387305480769231 0.7386775408653846 0.5221449663461539 0.7259921394230768 0.5276734927884615 0.7181857379807692 0.540573389423077 0.7103793365384615 0.5332020192307693 0.6976939350961538 0.5461019182692307 0.6937907331730769 0.5719017115384616 0.7074519350961539 0.6069157163461538 0.7172099375 0.6511439326923077 0.7386775408653846 0.6953721514423077 0.7562419447115385 0.7138005745192307
7 0.685961639423077 0.7396860817307692 0.6937680408653846 0.7360003966346155 0.6927922403846154 0.7194148149038462 0.6840100384615385 0.6862436538461538 0.6781552379807692 0.6549153317307692 0.6810826394230769 0.6309583798076923 0.6908406394230769 0.6457011201923077 0.6986470408653845 0.6715009134615385 0.7054776442307692 0.706514920673077 0.7191388461538462 0.72494334375 0.7191388461538462 0.7138862884615385 0.7162114447115384 0.6696580721153846 0.7074292427884615 0.6364869086538462 0.6947960360576922 0.5977932163461538 0.695749141826923 0.572593420673077 0.6947960360576922 0.552793576923077 0.6843118557692307 0.5437936490384615 0.6713246370192307 0.5406591033653846 0.6596150360576923 0.5517161586538462 0.6440022331730769 0.5517161586538462 0.639123233173077 0.5719874230769231 0.6469296346153846 0.5977872163461538 0.6576634350961539 0.6309583798076923 0.6625424350961538 0.6622867019230768 0.6771794375 0.7175719735576924 0.685961639423077 0.7396860817307692
8 0.6518540216346154 0.7636001778846153 0.6577088221153846 0.7617573341346154 0.6518540216346154 0.7359575408653847 0.6469750192307693 0.684357954326923 0.6450234182692308 0.6346012091346154 0.6430718197115385 0.6106442572115385 0.6430718197115385 0.5664160408653847 0.6313622163461539 0.5627303557692308 0.6206284158653846 0.559044670673077 0.6108704134615385 0.5572018293269231 0.6040398125 0.5701017259615384 0.6069672139423077 0.5922158341346153 0.6167252139423076 0.6272298389423077 0.6255074158653847 0.6935721658653846 0.6342896177884616 0.7322718557692307 0.6518540216346154 0.7636001778846153
8 0.6059914134615385 0.767285860576923 0.6118462139423078 0.767285860576923 0.6108704134615385 0.7396432259615384 0.6098946129807692 0.6769865841346154 0.6108704134615385 0.6290726826923076 0.6137978149038461 0.5793159375 0.6011124134615384 0.5664160408653847 0.5942818100961539 0.559044670673077 0.5845238100961538 0.5664160408653847 0.5796448076923076 0.5848444639423077 0.585499610576923 0.6198584687500001 0.5874512091346153 0.6769865841346154 0.5942818100961539 0.7285861706730768 0.6059914134615385 0.767285860576923
0 0.575741608173077 0.7746572307692308 0.585499610576923 0.7746572307692308 0.585499610576923 0.7562288076923077 0.5815964086538462 0.6991006923076923 0.5806206081730769 0.643815420673077 0.5815964086538462 0.5830016225961538 0.5689110072115384 0.5701017259615384 0.55720140625 0.5811587788461539 0.5581772043269231 0.6382868942307692 0.5581772043269231 0.6622438461538462 0.5650078076923077 0.7175291177884616 0.575741608173077 0.7746572307692308
4 0.55720140625 0.730429014423077 0.55720140625 0.7101577475961538 0.5562256057692307 0.6585581610576923 0.55720140625 0.597744360576923 0.5503708052884615 0.5793159375 0.5337822019230769 0.5866873076923077 0.5367096009615385 0.6069585721153846 0.5406128028846153 0.6346012091346154 0.5415886033653846 0.6769865841346154 0.5474434038461539 0.7175291177884616 0.55720140625 0.730429014423077
2 0.5347126153846153 0.7378003822115384 0.5376400168269231 0.7378003822115384 0.5347126153846153 0.6880436394230769 0.5337368149038462 0.6346012091346154 0.5327610144230769 0.57747309375 0.5181240120192308 0.5793159375 0.5200756129807692 0.6382868942307692 0.5200756129807692 0.6769865841346154 0.5259304134615385 0.7120005889423078 0.5347126153846153 0.7378003822115384
2 0.5045081971153846 0.7212148028846154 0.5171935985576923 0.7414860673076924 0.5171935985576923 0.7285861706730768 0.5171935985576923 0.682515110576923 0.5181693990384615 0.6290726826923076 0.5171935985576923 0.5756302524038461 0.4957259951923077 0.5701017259615384 0.49865339663461533 0.6309155240384615 0.49865339663461533 0.6530296322115384 0.49865339663461533 0.6788294254807692 0.5045081971153846 0.7212148028846154
4 0.49962919471153844 0.7267433293269231 0.49865339663461533 0.682515110576923 0.49767759615384616 0.6401297355769231 0.49670179567307693 0.5682588822115384 0.47230679086538463 0.5811587788461539 0.4762099927884615 0.6346012091346154 0.4849921923076923 0.7046292187500001 0.4937743942307692 0.7359575408653847 0.49962919471153844 0.7267433293269231
0 0.4674277908653846 0.7617573341346154 0.47328259134615386 0.7156862740384615 0.4752341923076923 0.6456582620192308 0.4771857932692308 0.5940586754807693 0.45864558894230767 0.5682588822115384 0.4430327860576923 0.5903729903846154 0.44791178846153845 0.6419725793269231 0.4488875865384615 0.7249004879807692 0.45669398798076927 0.769128704326923 0.4674277908653846 0.7617573341346154
8 0.42644418509615384 0.7617573341346154 0.4381537860576923 0.7175291177884616 0.44498438701923076 0.6567153173076924 0.4498633870192308 0.6161727836538462 0.4488875865384615 0.5940586754807693 0.4420569879807692 0.5793159375 0.4332747860576923 0.5645731971153846 0.41766198317307696 0.5737874086538461 0.41375878125 0.6051157307692308 0.41571038221153844 0.6475011057692307 0.4118071826923077 0.7322718557692307 0.4186377836538462 0.7746572307692308 0.42644418509615384 0.7617573341346154
8 0.37667837740384613 0.767285860576923 0.38936377884615386 0.7599144927884616 0.39912177884615385 0.7138434326923077 0.4127829807692308 0.6475011057692307 0.42351678365384615 0.6088014158653846 0.4244925841346153 0.5737874086538461 0.4108313822115385 0.5737874086538461 0.4020491802884615 0.5627303557692308 0.3932669783653846 0.5701017259615384 0.37862997596153847 0.5793159375 0.37765417548076924 0.6106442572115385 0.37960577644230764 0.6475011057692307 0.36984777403846153 0.6935721658653846 0.36984777403846153 0.7378003822115384 0.37667837740384613 0.767285860576923
7 0.30834967307692307 0.7286718846153846 0.32103507451923075 0.7084006177884615 0.3307930769230769 0.6715437692307693 0.33859947596153844 0.6457439759615385 0.34445427884615387 0.6512725048076924 0.34445427884615387 0.6660152427884616 0.3395752764423077 0.7028720913461538 0.3346962764423077 0.7471003076923076 0.34055107692307696 0.7544716778846153 0.3522606802884616 0.7249861995192308 0.36201868028846157 0.6770722980769232 0.36884928125000005 0.636529764423077 0.3802706826923077 0.6049931610576923 0.38408311057692307 0.5851933173076923 0.38122379086538466 0.5743934038461538 0.3688333966346154 0.5671934615384615 0.35834921875 0.5653934759615384 0.3483574783653846 0.5572875408653846 0.33261532692307694 0.552793576923077 0.32591407451923077 0.5849301778846153 0.326889875 0.6254727115384615 0.3103012716346154 0.675229454326923 0.3054222716346154 0.7139291466346154 0.30834967307692307 0.7286718846153846
7 0.24884855528846156 0.7083149038461538 0.2595823581730769 0.7083149038461538 0.26934035817307694 0.6788294254807692 0.28007416105769234 0.6419725793269231 0.2888563629807692 0.6364440504807691 0.28592896153846153 0.6640866875 0.2634855576923077 0.7175291177884616 0.2664129591346154 0.7285861706730768 0.27909836057692305 0.7212148028846154 0.2947111634615385 0.686200795673077 0.3093481658653846 0.6475011057692307 0.31813036778846154 0.6161727836538462 0.32593676923076925 0.5830016225961538 0.3230093677884615 0.5701017259615384 0.31520296634615386 0.5608875120192308 0.3025175649038462 0.5553589855769231 0.2956869639423077 0.5443019302884615 0.28007416105769234 0.5406162451923077 0.2742193605769231 0.5479876153846154 0.26934035817307694 0.5756302524038461 0.2703161586538462 0.6014300456730769 0.25080015625 0.667772372596154 0.24494535576923077 0.7009435360576923 0.24884855528846156 0.7083149038461538
7 0.21274394951923076 0.6733008990384615 0.21859874999999998 0.6622438461538462 0.22445355288461538 0.6327583677884616 0.23518735336538463 0.6051157307692308 0.23128415384615383 0.6382868942307692 0.22055035096153847 0.6788294254807692 0.22445355288461538 0.686200795673077 0.24104215384615382 0.6733008990384615 0.25177595673076925 0.6382868942307692 0.2634855576923077 0.5922158341346153 0.28007416105769234 0.5535161442307692 0.27519515865384614 0.5277163509615385 0.2595823581730769 0.5203449807692307 0.24592115625 0.512973610576923 0.2303083533653846 0.5111307668269232 0.22250195192307692 0.5387734038461539 0.22250195192307692 0.5719445673076924 0.21469555048076924 0.6051157307692308 0.20884075 0.6364440504807691 0.21274394951923076 0.6733008990384615
5 0.07718261538461538 0.2197962403846154 0.07596762980769231 0.2492422908653846 0.08572563221153845 0.2842562980769231 0.09743523317307692 0.3376987259615385 0.10524163461538462 0.39114115625 0.09938683413461538 0.47406906490384615 0.09255623317307693 0.5311971778846154 0.09645943509615384 0.5864824519230769 0.11987863701923077 0.6730960432692308 0.14720104326923075 0.7210099447115385 0.1862330480769231 0.7394383701923076 0.22916825480769232 0.7615524783653846 0.30625646875 0.8371090168269231 0.38432048076923075 0.8758087067307693 0.4819004951923077 0.8850229206730769 0.5746015096153847 0.879494391826923 0.6663267259615384 0.8536945985576924 0.7424391370192308 0.7965664855769231 0.8009871466346153 0.7265384735576923 0.8624625576923077 0.6878387836538462 0.9014945625 0.643610564903846 0.9278411658653846 0.5496256033653846 0.93857496875 0.4869689615384616 0.9180831658653846 0.3800841033653847 0.9239379663461539 0.31005609134615386 0.9366233677884614 0.23818523798076924 0.9493087716346154 0.18658564903846153 0.9415023701923076 0.16262869951923076 0.9141799639423076 0.16631438461538461 0.8844643533653845 0.19999639903846156 0.8825581394230769 0.24319605528846155 0.882954360576923 0.2787277692307692 0.8770995600961539 0.3395415697115384 0.85953515625 0.37824125961538463 0.8322127524038462 0.3634985216346154 0.81757575 0.3395415697115384 0.8156241490384615 0.2934705096153846 0.8126967475961538 0.23449955288461538 0.7912291442307692 0.20501407451923076 0.7648825408653847 0.2142282860576923 0.7619551394230769 0.2529279759615385 0.7629309399038462 0.29531335096153843 0.7736647427884615 0.32848451442307697 0.7834227427884616 0.36718420432692306 0.7970839447115385 0.42984084615384616 0.7970839447115385 0.44274074278846154 0.7931807451923076 0.47406906490384615 0.6760847259615385 0.542254233173077 0.5199567019230769 0.5643683413461539 0.4135944855769231 0.5662111850961539 0.30625646875 0.5440970769230769 0.23697465625 0.5127687548076924 0.2213618533653846 0.4961831730769231 0.2155070528846154 0.4464264278846154 0.2194102548076923 0.4132552644230769 0.2281924543269231 0.37639841826923076 0.24282945673076922 0.3358558846153846 0.25453906009615385 0.2934705096153846 0.24478105769230768 0.26398503125 0.23502305528846154 0.24555660576923077 0.2155070528846154 0.24555660576923077 0.20574905048076925 0.2547708197115385 0.19989425 0.2824134543269231 0.19891844951923077 0.31558461778846153 0.1959910504807692 0.34138441105769235 0.17549924759615385 0.3727127331730769 0.14817684134615383 0.3598128365384615 0.1374430408653846 0.3376987259615385 0.1374430408653846 0.29531335096153843 0.14294700721153847 0.26659586778846156 0.1159754375 0.22528534134615383 0.09743523317307692 0.2142282860576923 0.07718261538461538 0.2197962403846154
6 0.2291963942307692 0.4892009423076923 0.25554299759615384 0.5150007379807693 0.3443408125 0.5500147427884615 0.43216282692307695 0.5592289543269231 0.5824360504807692 0.5537004278846154 0.6897740673076923 0.5334291610576923 0.7639348798076924 0.4965723125 0.8000394855769231 0.4744582043269231 0.8068700865384616 0.43944419951923075 0.8127248870192307 0.4173300889423077 0.8185796899038462 0.39337313942307695 0.8177468557692307 0.3691950456730769 0.8120282115384616 0.3421952620192308 0.802497139423077 0.3187954495192308 0.7500762475961539 0.30439556490384617 0.6576248557692307 0.3313953485576923 0.5060808245192308 0.3025955793269231 0.3545367908653846 0.34759521875000005 0.26875714903846154 0.3421952620192308 0.21919557692307692 0.3349953197115385 0.20871139903846153 0.3691950456730769 0.20966450721153845 0.41599467067307694 0.21824247115384615 0.4537943701923077 0.2291963942307692 0.4892009423076923