7 0.2664129591346154 0.3821318004807692 0.2742193605769231 0.3600176923076923 0.2673887596153846 0.32500368509615385 0.2673887596153846 0.30473242067307693 0.2673887596153846 0.278932625 0.25860655769230767 0.2531328317307692 0.25177595673076925 0.26050420192307694 0.2527517572115384 0.2863039951923077 0.2527517572115384 0.3121037884615384 0.24884855528846156 0.2973610504807692 0.24396955528846156 0.26050420192307694 0.23518735336538463 0.25866135817307695 0.2303083533653846 0.2734040985576923 0.23323575240384614 0.3084181033653846 0.22738095192307692 0.33790358173076923 0.22835675240384615 0.3618605336538462 0.2381147548076923 0.3821318004807692 0.25177595673076925 0.39134601201923075 0.2664129591346154 0.3821318004807692
7 0.3093481658653846 0.363703375 0.3083723653846154 0.32684652884615384 0.3083723653846154 0.2936753653846154 0.3034933653846154 0.2494471466346154 0.2986143629807692 0.2494471466346154 0.2917837620192308 0.278932625 0.2878805625 0.2531328317307692 0.28202576201923074 0.2549756730769231 0.27617095913461537 0.2899896802884615 0.27519515865384614 0.3286893701923077 0.2712919591346154 0.37660327403846156 0.2849531610576923 0.38950317067307694 0.29959016346153844 0.4024030673076923 0.3093481658653846 0.38950317067307694 0.3093481658653846 0.363703375
7 0.33667056971153847 0.40793159375 0.3513075721153846 0.41714580528846157 0.36106557451923077 0.3968745384615385 0.3581381730769231 0.3600176923076923 0.35228337259615383 0.32684652884615384 0.35325917307692306 0.2936753653846154 0.3513075721153846 0.2439186201923077 0.3444769711538462 0.23101872355769232 0.3376463701923077 0.23654725 0.33569476923076924 0.25866135817307695 0.33276737019230773 0.31763231490384614 0.32691256730769236 0.27156125721153845 0.3230093677884615 0.26234704326923075 0.31813036778846154 0.2752469423076923 0.31813036778846154 0.30657526201923074 0.3161787668269231 0.34711779326923076 0.3132513653846154 0.4024030673076923 0.32691256730769236 0.41714580528846157 0.33667056971153847 0.40793159375
8 0.3639929735576923 0.40793159375 0.3747267764423077 0.4153029639423077 0.38838797836538463 0.4042459086538462 0.3932669783653846 0.3839746418269231 0.39131537980769227 0.3600176923076923 0.38448477644230766 0.32500368509615385 0.3835089783653846 0.29183252163461537 0.3825331778846154 0.24207577884615386 0.37667837740384613 0.23470440865384615 0.37082357451923076 0.24023293509615387 0.3688719759615384 0.25866135817307695 0.3639929735576923 0.35264632211538466 0.36301717307692305 0.37291758894230764 0.36301717307692305 0.3839746418269231 0.3639929735576923 0.40793159375
8 0.42644418509615384 0.3434321105769231 0.4225409831730769 0.30657526201923074 0.4225409831730769 0.2992038918269231 0.41766198317307696 0.23839009374999998 0.4127829807692308 0.21259030048076924 0.40400078125 0.20521893028846155 0.3981459783653846 0.23286156490384616 0.3961943798076923 0.2660327283653846 0.3942427788461539 0.2992038918269231 0.3942427788461539 0.35817484855769227 0.39131537980769227 0.3968745384615385 0.4020491802884615 0.41714580528846157 0.41766198317307696 0.4005602235576923 0.42644418509615384 0.3839746418269231 0.4293715841346154 0.36923190384615384 0.42644418509615384 0.3434321105769231
0 0.4508391875 0.35817484855769227 0.4488875865384615 0.30473242067307693 0.4469359879807693 0.2457614639423077 0.4401053870192308 0.19600471634615382 0.4303473846153846 0.18126197836538463 0.4225409831730769 0.19231903365384614 0.4215651826923077 0.23470440865384615 0.4215651826923077 0.2660327283653846 0.4186377836538462 0.33606074038461536 0.41571038221153844 0.3858174855769231 0.4293715841346154 0.41161727884615384 0.4459601875 0.4097744350961538 0.4508391875 0.3821318004807692 0.4508391875 0.35817484855769227
4 0.4791373918269231 0.36554621875 0.47816159375 0.31394663221153846 0.48206479326923074 0.2494471466346154 0.48011319230769234 0.1996904014423077 0.4742583918269231 0.19416187499999998 0.4664519903846154 0.21074745673076922 0.45864558894230767 0.2678755721153846 0.45181498798076924 0.35264632211538466 0.45181498798076924 0.4134601201923077 0.46254879086538464 0.42267433173076924 0.48011319230769234 0.42267433173076924 0.4791373918269231 0.36554621875
2 0.49865339663461533 0.21074745673076922 0.49475019471153847 0.19600471634615382 0.4849921923076923 0.21074745673076922 0.48304059374999997 0.2568185168269231 0.48108899278846157 0.3084181033653846 0.48011319230769234 0.34896063701923075 0.48011319230769234 0.3600176923076923 0.48108899278846157 0.4263600168269231 0.5113387980769231 0.4245171754807692 0.5064597980769231 0.34896063701923075 0.5015807956730769 0.2531328317307692 0.49865339663461533 0.21074745673076922
2 0.5376854014423077 0.32500368509615385 0.5328064014423076 0.23470440865384615 0.5308548004807693 0.19784756009615384 0.5230483990384616 0.19600471634615382 0.516217798076923 0.21996166826923075 0.5132903990384615 0.26234704326923075 0.5113387980769231 0.3600176923076923 0.5132903990384615 0.42267433173076924 0.5425644038461539 0.42083149038461537 0.5406128028846153 0.38028895673076923 0.5376854014423077 0.32500368509615385
4 0.56208040625 0.2899896802884615 0.55720140625 0.24207577884615386 0.5523224038461538 0.21996166826923075 0.5435402019230768 0.2218045120192308 0.5406128028846153 0.2494471466346154 0.5445160024038461 0.31026094711538466 0.5445160024038461 0.3434321105769231 0.5454918028846154 0.41161727884615384 0.5659836057692308 0.41714580528846157 0.5698868076923077 0.39871738221153846 0.5659836057692308 0.3508034783653846 0.56208040625 0.2899896802884615
0 0.5981850120192308 0.3010467355769231 0.5962334110576923 0.24023293509615387 0.5962334110576923 0.2070617716346154 0.5903786105769231 0.18310482211538462 0.5835480096153847 0.19416187499999998 0.5776932091346154 0.2181188269230769 0.5737900072115385 0.26971841346153846 0.5698868076923077 0.33237505528846156 0.56695940625 0.35817484855769227 0.5728142067307692 0.3931888533653846 0.5815964086538462 0.4134601201923077 0.5874512091346153 0.41714580528846157 0.6020882115384615 0.39871738221153846 0.6001366129807693 0.3508034783653846 0.5981850120192308 0.3010467355769231
8 0.622580014423077 0.3508034783653846 0.6196526153846154 0.30288957692307694 0.6137978149038461 0.26050420192307694 0.6108704134615385 0.21443314182692308 0.6030640120192308 0.2070617716346154 0.5952576105769231 0.23839009374999998 0.5903786105769231 0.31026094711538466 0.5903786105769231 0.3415892668269231 0.5903786105769231 0.37844611538461537 0.5972092115384615 0.4042459086538462 0.6098946129807692 0.4060887524038461 0.6245316153846154 0.40793159375 0.6255074158653847 0.3876603269230769 0.622580014423077 0.3508034783653846
8 0.6606362211538461 0.35264632211538466 0.6557572211538462 0.2863039951923077 0.6518540216346154 0.24207577884615386 0.64112021875 0.2070617716346154 0.632338016826923 0.2218045120192308 0.6235558149038462 0.2512899903846154 0.617594358173077 0.2953956370192308 0.6147736153846154 0.3434321105769231 0.6186768149038462 0.39503169711538466 0.6284348173076922 0.4005602235576923 0.6381928173076923 0.3876603269230769 0.6508782211538461 0.40793159375 0.6577088221153846 0.39871738221153846 0.6606362211538461 0.35264632211538466
7 0.7035714278846155 0.3618605336538462 0.7035714278846155 0.3194751586538462 0.7104020288461539 0.2660327283653846 0.7094262283653846 0.2457614639423077 0.706498829326923 0.23101872355769232 0.6996682283653846 0.24023293509615387 0.6869828269230769 0.30288957692307694 0.6840554254807691 0.23286156490384616 0.6791764254807693 0.22733303846153846 0.6733216225961538 0.23470440865384615 0.6713700240384616 0.26971841346153846 0.6684426225961538 0.30288957692307694 0.664539423076923 0.33606074038461536 0.6586846201923078 0.3618605336538462 0.6606362211538461 0.3876603269230769 0.6742974230769231 0.4097744350961538 0.6840554254807691 0.39871738221153846 0.6977166274038461 0.4134601201923077 0.706498829326923 0.39134601201923075 0.7035714278846155 0.3618605336538462
7 0.7494340360576923 0.35264632211538466 0.7426034350961538 0.3121037884615384 0.7426034350961538 0.25866135817307695 0.7367486346153846 0.24207577884615386 0.7260148317307693 0.26971841346153846 0.7201600312499999 0.2512899903846154 0.7133294302884615 0.2531328317307692 0.7123536298076923 0.2936753653846154 0.7094262283653846 0.33421789663461543 0.7104020288461539 0.3821318004807692 0.7182084302884615 0.39871738221153846 0.7416276346153846 0.39134601201923075 0.7504098365384616 0.3821318004807692 0.7494340360576923 0.35264632211538466
7 0.7865144423076923 0.3194751586538462 0.7796838413461539 0.29183252163461537 0.7796838413461539 0.26234704326923075 0.7718774399038462 0.23286156490384616 0.7660226394230769 0.23470440865384615 0.7562646370192307 0.26050420192307694 0.7484582355769231 0.2936753653846154 0.7484582355769231 0.33053221394230764 0.7513856370192307 0.3618605336538462 0.7601678365384615 0.3821318004807692 0.7718774399038462 0.37476043028846157 0.7913934423076923 0.36554621875 0.7913934423076923 0.33790358173076923 0.7865144423076923 0.3194751586538462
7 0.7933450432692308 0.5645731971153846 0.7933450432692308 0.5553589855769231 0.7826112403846154 0.5314020336538461 0.7738290408653847 0.5148164519230769 0.7767564399038461 0.49270234375000005 0.7894418413461538 0.5203449807692307 0.8060304447115385 0.5406162451923077 0.8109094447115385 0.5350877187499999 0.8011514447115384 0.5148164519230769 0.7923692427884615 0.4779596057692308 0.7826112403846154 0.4392599158653846 0.7748048413461538 0.39871738221153846 0.7669984375 0.3931888533653846 0.7494340360576923 0.4042459086538462 0.7357728341346154 0.4153029639423077 0.7289422331730768 0.4392599158653846 0.7318696322115384 0.4521598100961538 0.7406518341346153 0.4779596057692308 0.7494340360576923 0.5185021370192308 0.7718774399038462 0.5461447740384615 0.7933450432692308 0.5645731971153846
7 0.7328454326923077 0.6069585721153846 0.7299180336538461 0.5866873076923077 0.7240632307692307 0.5664160408653847 0.7172326298076922 0.5406162451923077 0.7201600312499999 0.5185021370192308 0.72503903125 0.5498304591346154 0.7318696322115384 0.5737874086538461 0.738700233173077 0.6014300456730769 0.7435792355769231 0.6014300456730769 0.7435792355769231 0.5645731971153846 0.739676033653846 0.5203449807692307 0.7357728341346154 0.48348813221153847 0.7347970336538462 0.448474125 0.7279664326923078 0.4245171754807692 0.7191842307692308 0.4263600168269231 0.7113778293269231 0.44110275721153847 0.6996682283653846 0.4245171754807692 0.6889344254807692 0.43188854567307694 0.6811280240384616 0.448474125 0.6850312259615384 0.47427392067307694 0.691861826923077 0.5000737139423077 0.7084504302884616 0.5701017259615384 0.7201600312499999 0.597744360576923 0.7328454326923077 0.6069585721153846
7 0.6508782211538461 0.5885301490384616 0.664539423076923 0.6161727836538462 0.6733216225961538 0.6364440504807691 0.6821038245192308 0.6290726826923076 0.6762490240384615 0.6124871009615385 0.6703942235576924 0.5922158341346153 0.6635636225961539 0.57747309375 0.6606362211538461 0.5498304591346154 0.6655152235576923 0.5277163509615385 0.6713700240384616 0.5424590889423077 0.6742974230769231 0.5793159375 0.6791764254807693 0.6106442572115385 0.6869828269230769 0.6309155240384615 0.6957650264423076 0.6272298389423077 0.6957650264423076 0.6051157307692308 0.691861826923077 0.5627303557692308 0.6840554254807691 0.5056022403846154 0.6850312259615384 0.4853309735576923 0.6811280240384616 0.448474125 0.6703942235576924 0.43188854567307694 0.6567330216346154 0.4429455985576923 0.6401444182692307 0.43373138701923075 0.632338016826923 0.44663128365384613 0.6352654182692308 0.47611676201923075 0.6420960192307692 0.5037593990384616 0.6430718197115385 0.5240306658653846 0.6469750192307693 0.5572018293269231 0.6508782211538461 0.5885301490384616
8 0.6264832163461538 0.6235441538461538 0.6313622163461539 0.6161727836538462 0.6352654182692308 0.5811587788461539 0.6342896177884616 0.512973610576923 0.6362412187500001 0.4853309735576923 0.6342896177884616 0.4447884423076923 0.6196526153846154 0.43373138701923075 0.6098946129807692 0.4374170721153846 0.6050156129807692 0.4521598100961538 0.6089188125 0.47427392067307694 0.6128220144230769 0.49823087259615384 0.6157494134615384 0.5479876153846154 0.6167252139423076 0.5959015192307692 0.6264832163461538 0.6235441538461538
8 0.5942818100961539 0.6309155240384615 0.6011124134615384 0.6309155240384615 0.6050156129807692 0.6217013125 0.6030640120192308 0.5848444639423077 0.6040398125 0.48901665865384614 0.6040398125 0.45400265384615385 0.5962334110576923 0.4374170721153846 0.5874512091346153 0.4374170721153846 0.5776932091346154 0.45031696875000005 0.5825722091346154 0.47611676201923075 0.5874512091346153 0.4945451875 0.5864754086538462 0.5627303557692308 0.5913544110576923 0.597744360576923 0.5942818100961539 0.6309155240384615
0 0.575741608173077 0.6235441538461538 0.5845238100961538 0.6401297355769231 0.5894028100961538 0.6180156274038461 0.5864754086538462 0.5664160408653847 0.5845238100961538 0.5000737139423077 0.5845238100961538 0.4576883389423077 0.5776932091346154 0.4355742307692308 0.56208040625 0.4374170721153846 0.5542740048076923 0.4576883389423077 0.5591530048076924 0.5000737139423077 0.5650078076923077 0.5498304591346154 0.5659836057692308 0.5811587788461539 0.575741608173077 0.6235441538461538
4 0.5464676033653846 0.6180156274038461 0.5513466033653847 0.5959015192307692 0.5532982043269231 0.5572018293269231 0.5532982043269231 0.5037593990384616 0.5562256057692307 0.45031696875000005 0.5357338004807692 0.44663128365384613 0.5376854014423077 0.5019165552884616 0.5376854014423077 0.5498304591346154 0.5406128028846153 0.5903729903846154 0.5464676033653846 0.6180156274038461
2 0.5308548004807693 0.5959015192307692 0.5337822019230769 0.5682588822115384 0.5337822019230769 0.5037593990384616 0.5328064014423076 0.4447884423076923 0.5113387980769231 0.4521598100961538 0.5171935985576923 0.5000737139423077 0.520121 0.5332448774038462 0.525 0.5885301490384616 0.5308548004807693 0.5959015192307692
2 0.5084113966346154 0.6069585721153846 0.5132903990384615 0.5701017259615384 0.5117994663461538 0.5113939086538462 0.516217798076923 0.4521598100961538 0.49475019471153847 0.45400265384615385 0.49865339663461533 0.5019165552884616 0.5006049951923077 0.5719445673076924 0.5035323966346155 0.5995872043269231 0.5084113966346154 0.6069585721153846
4 0.49464353846153847 0.49699402403846155 0.49464353846153847 0.44479444230769233 0.4774876105769231 0.4483944134615384 0.47844071634615387 0.5005939951923077 0.48892489423076924 0.5851933173076923 0.49845596634615386 0.6031931730769231 0.49464353846153847 0.49699402403846155
0 0.4622378966346154 0.6247930024038462 0.4708158605769231 0.5869933052884615 0.47558139663461535 0.5095939230769231 0.47844071634615387 0.4735942115384616 0.47176896634615384 0.4375945 0.45461303846153844 0.4375945 0.4527068245192308 0.4483944134615384 0.45080061057692306 0.4987940096153846 0.44794128846153847 0.576193389423077 0.4527068245192308 0.6265929879807692 0.4622378966346154 0.6247930024038462
8 0.42697293269230774 0.6517927860576923 0.4365040024038462 0.6337929302884615 0.4441288605769231 0.576193389423077 0.44984750240384613 0.505993951923077 0.44984750240384613 0.45739434134615387 0.44222264663461536 0.44299445673076926 0.43459778846153846 0.4321945432692308 0.42125428846153845 0.4519943846153846 0.4231605024038462 0.4987940096153846 0.42601982451923076 0.5707934326923076 0.4203011826923077 0.6211930312499999 0.42697293269230774 0.6517927860576923
8 0.4069576826923077 0.6409928725961538 0.4145825384615385 0.6103931177884616 0.4203011826923077 0.5041939663461539 0.4288791466346154 0.45019439903846153 0.42506671875 0.4375945 0.4155356466346154 0.4465944278846154 0.40886389663461536 0.4321945432692308 0.4031452548076923 0.44119447115384614 0.3945672884615385 0.44479444230769233 0.39170796874999997 0.45919432692307693 0.3945672884615385 0.505993951923077 0.397426610576923 0.5923932620192308 0.3964735048076923 0.6337929302884615 0.4069576826923077 0.6409928725961538
7 0.3335684326923077 0.6103931177884616 0.34119329086538464 0.6175930600961539 0.35167746875000006 0.5977932163461538 0.35548989663461533 0.5743934038461538 0.35548989663461533 0.5545935625 0.3669271826923077 0.5329937355769231 0.3669271826923077 0.5473936201923076 0.36502096875 0.5743934038461538 0.3602554326923077 0.5923932620192308 0.3478650408653846 0.6121931033653847 0.34500571875 0.6319929447115384 0.35548989663461533 0.6319929447115384 0.36502096875 0.6265929879807692 0.3726458245192308 0.6085931322115384 0.3821768966346154 0.5833933317307692 0.3869424326923077 0.5617935048076923 0.3888486466346154 0.5383936923076923 0.3859893245192308 0.505993951923077 0.397426610576923 0.47179422596153847 0.3993328245192308 0.4537943701923077 0.3945672884615385 0.43939448557692307 0.3888486466346154 0.4375945 0.37836446875 0.44479444230769233 0.37455204086538463 0.4537943701923077 0.36597407451923075 0.44119447115384614 0.3593023245192307 0.44119447115384614 0.3469119326923077 0.4519943846153846 0.34500571875 0.47179422596153847 0.3469119326923077 0.5041939663461539 0.33261532692307694 0.5563935480769231 0.33166221875 0.5797933605769231 0.3335684326923077 0.6103931177884616
7 0.27542889903846157 0.5707934326923076 0.2744757908653846 0.5995932043269231 0.2878192908653846 0.6031931730769231 0.2925848269230769 0.577993375 0.29830346875 0.5509935913461539 0.3002096826923077 0.5275937788461539 0.31164696875 0.5185938509615384 0.3126000769230769 0.5275937788461539 0.3068814326923077 0.5563935480769231 0.30306900480769233 0.5689934471153847 0.29353793269230766 0.5851933173076923 0.29353793269230766 0.6049931610576923 0.3002096826923077 0.6049931610576923 0.31069386298076923 0.5941932451923078 0.32403736298076924 0.5617935048076923 0.3297560048076923 0.53119375 0.3345215408653846 0.5095939230769231 0.3402401826923077 0.4861941105769231 0.34500571875 0.4555943557692308 0.34119329086538464 0.44299445673076926 0.33166221875 0.4339945288461538 0.3211780408653846 0.45019439903846153 0.3145062908653846 0.4303945576923077 0.3068814326923077 0.42859457211538465 0.3011627908653846 0.4339945288461538 0.2954441490384615 0.4555943557692308 0.29067861298076925 0.4897940817307692 0.28591307692307694 0.5149938798076923 0.2801944350961538 0.5419936634615385 0.27542889903846157 0.5707934326923076
7 0.22110179086538462 0.5293937644230768 0.22682043509615385 0.5329937355769231 0.24016393509615386 0.5239938076923077 0.2496950048076923 0.5095939230769231 0.25541364903846153 0.5131938942307692 0.2477887908653846 0.5347937211538462 0.23825772115384616 0.5509935913461539 0.23825772115384616 0.5635934903846154 0.25160122115384614 0.5653934759615384 0.2706633629807692 0.5491936057692308 0.2811475408653846 0.5023939807692307 0.29163171875 0.47899416826923075 0.2963972548076923 0.44119447115384614 0.2925848269230769 0.4303945576923077 0.2811475408653846 0.4195946442307692 0.2706633629807692 0.42859457211538465 0.2658978269230769 0.41059471634615385 0.25541364903846153 0.40699474278846154 0.24874189903846153 0.4321945432692308 0.2411170408653846 0.46279429807692307 0.23158597115384616 0.48259413942307694 0.22110179086538462 0.505993951923077 0.22110179086538462 0.5293937644230768
5 0.10958825721153846 0.34795521634615384 0.12674418509615384 0.4415544663461538 0.1439001153846154 0.536953704326923 0.16677468509615384 0.6017531850961538 0.21919557692307692 0.6323529423076923 0.27828821875 0.7079523365384616 0.3964735048076923 0.80875153125 0.48034693028846154 0.8285513725961539 0.5756576442307693 0.8141514879807693 0.6900305 0.7691518461538462 0.7605604278846154 0.6917524663461538 0.8196530697115385 0.6323529423076923 0.8482462836538461 0.6215530288461538 0.8930423173076923 0.5045539639423077 0.90829203125 0.3893548846153846 0.9330728173076923 0.28495572115384615 0.9569004951923077 0.20215638221153845 0.9759626370192307 0.14815681490384616 0.9759626370192307 0.09235726201923077 0.9645253533653846 0.058157533653846155 0.9368852451923076 0.061757507211538464 0.9178231033653846 0.09955720432692307 0.9073389254807692 0.1661566706730769 0.895901639423077 0.1985564110576923 0.8787457115384616 0.21835625240384615 0.8501524975961539 0.1985564110576923 0.8282310336538461 0.16075671394230767 0.8053564615384615 0.12295701682692307 0.7805756754807691 0.12835697355769232 0.7777163557692308 0.1769565841346154 0.7920129615384616 0.22735618028846155 0.8034502475961538 0.2687558509615385 0.8053564615384615 0.29935560576923076 0.8063095697115384 0.32959536298076925 0.8015440336538462 0.3565951466346154 0.7853412115384616 0.37639498798076926 0.6728745697115385 0.4199546394230769 0.5661265721153846 0.4307545552884615 0.4193480745192308 0.4235546105769231 0.3068814326923077 0.41815465384615386 0.24683568509615383 0.39619482932692307 0.23158597115384616 0.37999495913461534 0.21728936298076923 0.34615523076923077 0.21824247115384615 0.30475556249999997 0.22110179086538462 0.2633558942307692 0.2306328629807692 0.21835625240384615 0.23635150480769232 0.16975664182692307 0.23825772115384616 0.12655698798076923 0.22967975721153847 0.11395708894230769 0.21252382692307695 0.1099971201923077 0.20013343509615386 0.12475700240384616 0.19346168509615386 0.1661566706730769 0.18678993509615383 0.19675642548076924 0.16582157932692307 0.21655626682692308 0.14008768509615385 0.20755633894230768 0.11816622115384615 0.1751565985576923 0.11149447115384616 0.14095687259615383 0.10577582932692307 0.08335733173076923 0.09719786538461538 0.05275757932692308 0.08004193750000001 0.03835769230769231 0.06288600721153846 0.03835769230769231 0.05049561538461538 0.06715746394230769 0.05526115144230769 0.13555691586538463 0.0733701875 0.1985564110576923 0.09624475721153845 0.2723558221153846 0.10958825721153846 0.34795521634615384
6 0.29830346875 0.40879473076923073 0.3964735048076923 0.4195946442307692 0.4994090745192308 0.4321945432692308 0.6071101802884615 0.42139462740384614 0.703374 0.4123946995192308 0.7929660697115384 0.3691950456730769 0.8063095697115384 0.32959536298076925 0.8120282115384616 0.30439556490384617 0.8139344254807692 0.27919576682692304 0.8072626754807692 0.2557959543269231 0.7996378197115385 0.23599611298076925 0.7882005336538461 0.21259630048076922 0.769138391826923 0.20539635576923077 0.7195768197115384 0.19819641346153846 0.6595310721153846 0.19099647115384616 0.5766107524038462 0.16039671634615382 0.5098932524038461 0.17659658653846153 0.4222073966346154 0.16759665865384615 0.35358368269230767 0.19999639903846156 0.2840068629807692 0.19819641346153846 0.2325390769230769 0.22159622836538462 0.21347693509615384 0.25039599759615383 0.20680518509615384 0.2863957091346154 0.21633625721153849 0.34039527644230766 0.21252382692307695 0.31519547836538464 0.22110179086538462 0.36199510336538465 0.2306328629807692 0.3853949182692308 0.29830346875 0.40879473076923073