7 0.2620853990384615 0.4897940817307692 0.2678040408653846 0.4987940096153846 0.26875714903846154 0.5167938653846154 0.28210064903846155 0.5167938653846154 0.29067861298076925 0.48079415384615387 0.2954441490384615 0.42139462740384614 0.2954441490384615 0.3493952043269231 0.29067861298076925 0.3457952331730769 0.27828821875 0.3871949014423077 0.26494471875000003 0.4321945432692308 0.2535074350961538 0.4537943701923077 0.2477887908653846 0.47179422596153847 0.2544605408653846 0.4897940817307692 0.2620853990384615 0.4897940817307692
7 0.3164125048076923 0.5293937644230768 0.32880289663461537 0.5131938942307692 0.3278497908653846 0.4753941971153846 0.3211780408653846 0.4339945288461538 0.31927182692307693 0.37819497355769227 0.3154593966346154 0.35839513221153846 0.3087876466346154 0.37999495913461534 0.2973503629807692 0.45739434134615387 0.29067861298076925 0.4771941826923077 0.2878192908653846 0.5095939230769231 0.30306900480769233 0.5221938221153846 0.3164125048076923 0.5293937644230768
7 0.37169271875 0.5023939807692307 0.36216164663461536 0.4537943701923077 0.3602554326923077 0.4321945432692308 0.35548989663461533 0.39619482932692307 0.3440526105769231 0.36379508894230767 0.3440526105769231 0.3691950456730769 0.34500571875 0.4033947740384616 0.34500571875 0.43939448557692307 0.33738086057692307 0.40519475961538465 0.3297560048076923 0.37279501682692306 0.3278497908653846 0.37819497355769227 0.3297560048076923 0.43579451442307693 0.33261532692307694 0.4735942115384616 0.32499046875 0.5185938509615384 0.3364277548076923 0.5347937211538462 0.3507243605769231 0.5275937788461539 0.3593023245192307 0.5365937067307692 0.3726458245192308 0.53119375 0.37169271875 0.5023939807692307
8 0.39837971875 0.5275937788461539 0.4031452548076923 0.505993951923077 0.3964735048076923 0.47179422596153847 0.3907548605769231 0.42499460096153846 0.3831300048076923 0.3889948870192308 0.3688333966346154 0.3565951466346154 0.36597407451923075 0.36379508894230767 0.37169271875 0.4141946875 0.3735989326923077 0.47899416826923075 0.3726458245192308 0.5113939086538462 0.37550514663461537 0.5329937355769231 0.38503621875000005 0.5329937355769231 0.39837971875 0.5275937788461539
8 0.41744186057692306 0.5293937644230768 0.4279260384615385 0.5329937355769231 0.4326915745192308 0.4987940096153846 0.4279260384615385 0.4555943557692308 0.4145825384615385 0.40519475961538465 0.40028593269230767 0.3691950456730769 0.3907548605769231 0.3601951177884616 0.3907548605769231 0.38359493028846153 0.40028593269230767 0.44119447115384614 0.39837971875 0.48079415384615387 0.397426610576923 0.5185938509615384 0.3964735048076923 0.5347937211538462 0.41172321875 0.5455936346153846 0.41744186057692306 0.5293937644230768
0 0.4536599326923077 0.48259413942307694 0.4431757524038461 0.41599467067307694 0.43555089663461544 0.3601951177884616 0.4279260384615385 0.3421952620192308 0.4193480745192308 0.3313953485576923 0.41839496875000004 0.3601951177884616 0.4203011826923077 0.40879473076923073 0.4231605024038462 0.46459428365384614 0.42601982451923076 0.5203938365384615 0.4326915745192308 0.5419936634615385 0.44698818269230767 0.5383936923076923 0.4536599326923077 0.48259413942307694
4 0.4612847884615385 0.36559507451923073 0.45461303846153844 0.3601951177884616 0.4488943966346154 0.38359493028846153 0.44794128846153847 0.4537943701923077 0.44984750240384613 0.4987940096153846 0.45080061057692306 0.5401936778846154 0.4708158605769231 0.5365937067307692 0.4698627524038462 0.48259413942307694 0.46509721634615386 0.40879473076923073 0.4612847884615385 0.36559507451923073
2 0.48797178846153844 0.37999495913461534 0.4832062524038462 0.3385952908653846 0.4708158605769231 0.3313953485576923 0.46795653846153845 0.37999495913461534 0.47176896634615384 0.4753941971153846 0.47272207451923076 0.5455936346153846 0.49750286057692306 0.5473936201923076 0.4994090745192308 0.505993951923077 0.4936904302884615 0.46459428365384614 0.48797178846153844 0.37999495913461534
2 0.5194243245192308 0.39619482932692307 0.5194243245192308 0.3529951754807692 0.5127525745192307 0.3385952908653846 0.5060808245192308 0.37099503125 0.5032215024038462 0.43939448557692307 0.4994090745192308 0.5077939375 0.4994090745192308 0.5491936057692308 0.5270491802884615 0.5419936634615385 0.5251429663461539 0.5023939807692307 0.5222836442307692 0.46099431249999995 0.5194243245192308 0.39619482932692307
4 0.5403926802884615 0.3331953341346154 0.5318147163461538 0.3313953485576923 0.5251429663461539 0.3547951610576923 0.5260960745192308 0.45919432692307693 0.5260960745192308 0.5329937355769231 0.5499237524038462 0.5275937788461539 0.5461113221153846 0.47179422596153847 0.544205108173077 0.3943948461538461 0.5403926802884615 0.3331953341346154
0 0.5708921081730769 0.43579451442307693 0.5680327860576923 0.3385952908653846 0.5613610360576924 0.30619555048076924 0.5499237524038462 0.32599539182692305 0.544205108173077 0.41599467067307694 0.5432520024038461 0.48079415384615387 0.5575486081730769 0.53119375 0.5689858942307692 0.5365937067307692 0.5756576442307693 0.5131938942307692 0.5708921081730769 0.43579451442307693
8 0.5947197860576924 0.46459428365384614 0.596626 0.3943948461538461 0.6013915360576922 0.32959536298076925 0.5890011442307692 0.34039527644230766 0.577563858173077 0.37999495913461534 0.5651734663461538 0.4555943557692308 0.5613610360576924 0.49699402403846155 0.5718452163461538 0.5275937788461539 0.5937666802884615 0.5329937355769231 0.5994853221153846 0.505993951923077 0.5947197860576924 0.46459428365384614
8 0.6271254302884616 0.49699402403846155 0.6252192139423076 0.4465944278846154 0.6242661081730769 0.3925948581730769 0.6290316442307693 0.34039527644230766 0.6242661081730769 0.3367953052884615 0.6128288221153846 0.36199510336538465 0.6013915360576922 0.4123946995192308 0.5937666802884615 0.46459428365384614 0.58995425 0.5131938942307692 0.5985322163461538 0.5221938221153846 0.6090163942307693 0.5077939375 0.6147350360576923 0.5347937211538462 0.623313 0.5221938221153846 0.6271254302884616 0.49699402403846155
7 0.6585779639423077 0.4321945432692308 0.6576248557692307 0.35839513221153846 0.6528593221153846 0.34399524759615385 0.644281358173077 0.3601951177884616 0.6328440721153845 0.3943948461538461 0.6242661081730769 0.46099431249999995 0.6214067860576923 0.505993951923077 0.6347502860576923 0.5185938509615384 0.6452344639423077 0.5095939230769231 0.6671559278846153 0.5167938653846154 0.6719214639423078 0.48799409615384615 0.6585779639423077 0.4321945432692308
7 0.6947960360576922 0.5041939663461539 0.709092641826923 0.5023939807692307 0.7157643918269231 0.48259413942307694 0.709092641826923 0.46099431249999995 0.6986084639423077 0.42859457211538465 0.695749141826923 0.37279501682692306 0.6900305 0.3223954206730769 0.6804994278846154 0.3421952620192308 0.6728745697115385 0.3871949014423077 0.6709683557692308 0.45019439903846153 0.6681090360576923 0.4987940096153846 0.6814525360576924 0.5113939086538462 0.6947960360576922 0.5041939663461539
7 0.7214830336538461 0.3691950456730769 0.7176706057692308 0.34399524759615385 0.71004575 0.34759521875000005 0.703374 0.39619482932692307 0.709092641826923 0.43939448557692307 0.709092641826923 0.4771941826923077 0.7214830336538461 0.49699402403846155 0.7386389639423078 0.4753941971153846 0.7510293557692307 0.4519943846153846 0.7338734278846153 0.41599467067307694 0.7214830336538461 0.3691950456730769
7 0.7510293557692307 0.6535927716346154 0.7386389639423078 0.6247930024038462 0.7443576057692307 0.5977932163461538 0.7557948918269232 0.6481928149038462 0.7605604278846154 0.6571927427884615 0.7586542115384615 0.6175930600961539 0.7519824615384615 0.576193389423077 0.7519824615384615 0.5275937788461539 0.7395920697115385 0.5113939086538462 0.7252954639423077 0.5257937932692308 0.7109988557692308 0.5221938221153846 0.7043271057692307 0.5383936923076923 0.709092641826923 0.5617935048076923 0.7186237139423077 0.5941932451923078 0.7262485697115384 0.6283929735576923 0.7472169278846154 0.6643926850961539 0.7510293557692307 0.6535927716346154
7 0.7205299278846155 0.6967924254807693 0.7062333197115385 0.66799265625 0.6995615697115384 0.6319929447115384 0.7119519639423076 0.6553927572115386 0.7262485697115384 0.689592483173077 0.7272016778846153 0.6751925985576922 0.7176706057692308 0.6337929302884615 0.7062333197115385 0.5905932764423076 0.702420891826923 0.5581935336538462 0.6919367139423076 0.5401936778846154 0.676687 0.5473936201923076 0.6604841778846153 0.5473936201923076 0.6519062139423077 0.5689934471153847 0.6585779639423077 0.595993233173077 0.6728745697115385 0.6175930600961539 0.6909836057692308 0.6697926418269231 0.7109988557692308 0.7021923822115385 0.7205299278846155 0.6967924254807693
7 0.6557186418269231 0.7417920649038462 0.65667175 0.7255921947115385 0.644281358173077 0.689592483173077 0.6395158221153847 0.6481928149038462 0.6509531057692308 0.6481928149038462 0.6614372860576924 0.6985924110576923 0.676687 0.7381920937500001 0.6804994278846154 0.7219922235576923 0.6709683557692308 0.6751925985576922 0.6595310721153846 0.6157930745192307 0.65667175 0.595993233173077 0.6528593221153846 0.5581935336538462 0.6357033942307692 0.5581935336538462 0.623313 0.5635934903846154 0.6090163942307693 0.5599935192307692 0.6013915360576922 0.572593420673077 0.6061570721153846 0.6103931177884616 0.6185474639423076 0.6265929879807692 0.623313 0.6697926418269231 0.6366565000000001 0.71479228125 0.6557186418269231 0.7417920649038462
8 0.6271254302884616 0.7651918774038461 0.6242661081730769 0.7345921225961539 0.6147350360576923 0.6697926418269231 0.6099694999999999 0.619393045673077 0.6099694999999999 0.5815933485576923 0.6042508581730769 0.5689934471153847 0.5880480360576923 0.5617935048076923 0.577563858173077 0.5743934038461538 0.5766107524038462 0.5941932451923078 0.584235608173077 0.6139930889423076 0.5928135721153847 0.6337929302884615 0.5985322163461538 0.66799265625 0.6128288221153846 0.7309921514423077 0.6271254302884616 0.7651918774038461
8 0.5880480360576923 0.7669918629807693 0.5832825 0.7255921947115385 0.5851887163461538 0.66799265625 0.5870949302884616 0.6247930024038462 0.5832825 0.572593420673077 0.5651734663461538 0.5635934903846154 0.5565955024038461 0.5923932620192308 0.5613610360576924 0.6319929447115384 0.5623141442307692 0.6715926274038462 0.5689858942307692 0.7237922091346154 0.5880480360576923 0.7669918629807693
0 0.5623141442307692 0.7237922091346154 0.5613610360576924 0.6535927716346154 0.5613610360576924 0.5833933317307692 0.5470644302884615 0.5707934326923076 0.5375333581730769 0.5941932451923078 0.5394395721153846 0.6463928293269231 0.544205108173077 0.7363921081730769 0.5594548221153846 0.7777917788461538 0.5623141442307692 0.7237922091346154
4 0.5375333581730769 0.7219922235576923 0.5375333581730769 0.6391928870192308 0.5394395721153846 0.5707934326923076 0.5175181081730769 0.5743934038461538 0.5203774302884615 0.6355929158653846 0.5270491802884615 0.7201922379807691 0.5299085024038461 0.7561919495192307 0.5375333581730769 0.7219922235576923
2 0.5194243245192308 0.6985924110576923 0.5194243245192308 0.6319929447115384 0.5194243245192308 0.577993375 0.5003621802884616 0.577993375 0.5032215024038462 0.6319929447115384 0.5089401442307693 0.6913924687499999 0.5194243245192308 0.7417920649038462 0.5194243245192308 0.6985924110576923
2 0.5003621802884616 0.7075923389423077 0.5003621802884616 0.6409928725961538 0.504174610576923 0.5815933485576923 0.4832062524038462 0.5815933485576923 0.48701868028846157 0.6319929447115384 0.48701868028846157 0.6967924254807693 0.48892489423076924 0.7471920216346154 0.5003621802884616 0.7075923389423077
4 0.48606557451923077 0.7057923533653846 0.4851124663461538 0.64459284375 0.48987800240384616 0.5815933485576923 0.46700343028846153 0.5797933605769231 0.46890964663461543 0.6301929591346155 0.4708158605769231 0.6769925841346154 0.47844071634615387 0.7453920360576922 0.48606557451923077 0.7057923533653846
0 0.4660503245192308 0.7021923822115385 0.46700343028846153 0.6355929158653846 0.47176896634615384 0.5833933317307692 0.45842546634615383 0.5689934471153847 0.44222264663461536 0.5923932620192308 0.4450819663461539 0.6283929735576923 0.44698818269230767 0.6841925264423078 0.45651925240384617 0.7669918629807693 0.4660503245192308 0.7021923822115385
8 0.4403164326923077 0.7471920216346154 0.44222264663461536 0.6913924687499999 0.4431757524038461 0.6355929158653846 0.4412695384615385 0.5869933052884615 0.42983225240384615 0.572593420673077 0.41648875240384614 0.5851933173076923 0.4155356466346154 0.6085931322115384 0.42125428846153845 0.6481928149038462 0.4288791466346154 0.7417920649038462 0.43459778846153846 0.7777917788461538 0.4403164326923077 0.7471920216346154
8 0.397426610576923 0.7417920649038462 0.4136294326923077 0.6571927427884615 0.42125428846153845 0.5851933173076923 0.40886389663461536 0.5743934038461538 0.40028593269230767 0.5851933173076923 0.39552039663461536 0.576193389423077 0.38789553846153846 0.5941932451923078 0.39361418269230775 0.6355929158653846 0.3898017548076923 0.7021923822115385 0.3859893245192308 0.76159190625 0.397426610576923 0.7417920649038462
7 0.33738086057692307 0.7363921081730769 0.34309950480769236 0.7075923389423077 0.3526305769230769 0.6661926706730769 0.3612085408653846 0.66799265625 0.3612085408653846 0.6877924975961538 0.35167746875000006 0.7273921802884615 0.35548989663461533 0.7525919783653846 0.3631147548076923 0.7363921081730769 0.3735989326923077 0.6823925408653846 0.3831300048076923 0.6355929158653846 0.3964735048076923 0.5941932451923078 0.39266107451923077 0.576193389423077 0.3821768966346154 0.576193389423077 0.3678802908653846 0.577993375 0.3573961105769231 0.5671934615384615 0.34500571875 0.572593420673077 0.34119329086538464 0.5869933052884615 0.3440526105769231 0.6229930168269231 0.3345215408653846 0.6823925408653846 0.32880289663461537 0.7291921658653846 0.33738086057692307 0.7363921081730769
7 0.2878192908653846 0.712992295673077 0.29830346875 0.6733926129807692 0.3078345408653846 0.6553927572115386 0.3068814326923077 0.6769925841346154 0.29449104086538463 0.7183922524038462 0.3059283269230769 0.7111923100961538 0.31831871875 0.6769925841346154 0.33070911298076927 0.6265929879807692 0.3469119326923077 0.5905932764423076 0.3469119326923077 0.5671934615384615 0.3345215408653846 0.5581935336538462 0.3211780408653846 0.572593420673077 0.31355318269230764 0.5545935625 0.29925657692307694 0.552793576923077 0.2954441490384615 0.5887932884615384 0.2954441490384615 0.6265929879807692 0.2868661826923077 0.6553927572115386 0.2801944350961538 0.712992295673077 0.2878192908653846 0.712992295673077
7 0.2763820048076923 0.5455936346153846 0.27256957692307693 0.5545935625 0.2630385048076923 0.5329937355769231 0.25255432692307694 0.5437936490384615 0.2496950048076923 0.576193389423077 0.24874189903846153 0.6085931322115384 0.23825772115384616 0.6373929014423076 0.24207014903846155 0.6499928004807691 0.2582729711538462 0.6175930600961539 0.25731986298076925 0.6553927572115386 0.2582729711538462 0.6751925985576922 0.2706633629807692 0.6571927427884615 0.2840068629807692 0.6139930889423076 0.29353793269230766 0.5833933317307692 0.29353793269230766 0.5617935048076923 0.2887723990384615 0.5455936346153846 0.2763820048076923 0.5455936346153846
6 0.23730461298076921 0.4639102884615385 0.2544605408653846 0.5269097836538461 0.34500571875 0.5521095817307692 0.4698627524038462 0.5647094831730769 0.5918604663461539 0.5485096129807693 0.6785932139423078 0.5287097692307692 0.7577011057692308 0.4819101442307692 0.7662790697115385 0.40091079326923074 0.7367327475961538 0.314511483173077 0.6309378581730769 0.30371156971153845 0.5003621802884616 0.2965116274038462 0.39552039663461536 0.3307113533653846 0.27161646875 0.3289113677884616 0.2430232548076923 0.3775109807692308 0.23730461298076921 0.4639102884615385
5 0.15914982932692306 0.2989956081730769 0.14008768509615385 0.25759593990384616 0.11149447115384616 0.2845957235576923 0.10768204326923077 0.3223954206730769 0.12960350721153846 0.39079487500000004 0.15057186538461537 0.5707934326923076 0.16868089903846156 0.7111923100961538 0.24588257692307694 0.7993916033653845 0.34500571875 0.8659910721153847 0.4488943966346154 0.9091907259615385 0.544205108173077 0.9091907259615385 0.6547655360576923 0.8605911153846153 0.7643728557692308 0.7795917620192309 0.8167937475961539 0.7435920504807693 0.8472931754807692 0.6859925120192307 0.8625428894230769 0.5815933485576923 0.8739801754807692 0.4519943846153846 0.8920892115384615 0.36739506009615386 0.9035264951923078 0.30799553605769237 0.895901639423077 0.25939592548076923 0.8720739615384615 0.2449960408653846 0.8615897836538462 0.2701958389423077 0.8425276394230768 0.3331953341346154 0.8129813197115384 0.3385952908653846 0.7977316057692309 0.2953956370192308 0.789153641826923 0.2395960841346154 0.7672321778846154 0.2251961971153846 0.7529355697115385 0.25759593990384616 0.7557948918269232 0.32599539182692305 0.7681852836538462 0.42139462740384614 0.7596073197115385 0.4897940817307692 0.6662028221153846 0.5437936490384615 0.5051277163461538 0.5689934471153847 0.3526305769230769 0.5671934615384615 0.2582729711538462 0.5275937788461539 0.24492947115384614 0.5077939375 0.24016393509615386 0.4537943701923077 0.24588257692307694 0.39619482932692307 0.25731986298076925 0.3385952908653846 0.2744757908653846 0.28279573798076924 0.2744757908653846 0.25399596875 0.2535074350961538 0.22879617067307695 0.23349218509615385 0.25759593990384616 0.22396111298076923 0.3025955793269231 0.20299275721153845 0.35839513221153846 0.17821197115384615 0.3565951466346154 0.15914982932692306 0.2989956081730769