7 0.25731986298076925 0.484394125 0.2697102548076923 0.4735942115384616 0.2744757908653846 0.45739434134615387 0.27733511298076924 0.43579451442307693 0.2840068629807692 0.38179494471153846 0.2840068629807692 0.36739506009615386 0.27542889903846157 0.36739506009615386 0.2544605408653846 0.40699474278846154 0.23825772115384616 0.42139462740384614 0.23730461298076921 0.4519943846153846 0.2506481129807692 0.46099431249999995 0.25731986298076925 0.484394125
7 0.29067861298076925 0.5005939951923077 0.3059283269230769 0.5077939375 0.3154593966346154 0.5041939663461539 0.31927182692307693 0.47179422596153847 0.3154593966346154 0.4321945432692308 0.3154593966346154 0.3853949182692308 0.30974075480769236 0.36199510336538465 0.3040221129807692 0.34759521875000005 0.2954441490384615 0.37099503125 0.2878192908653846 0.42679458653846153 0.27828821875 0.4555943557692308 0.27542889903846157 0.48079415384615387 0.2811475408653846 0.5005939951923077 0.29067861298076925 0.5005939951923077
7 0.3545367908653846 0.44119447115384614 0.35548989663461533 0.3745950024038462 0.34500571875 0.35839513221153846 0.33833396875 0.3745950024038462 0.33261532692307694 0.4123946995192308 0.32499046875 0.4537943701923077 0.3173656129807692 0.5023939807692307 0.32213114663461534 0.5239938076923077 0.3402401826923077 0.5239938076923077 0.36216164663461536 0.5203938365384615 0.36216164663461536 0.484394125 0.3545367908653846 0.44119447115384614
8 0.39361418269230775 0.5221938221153846 0.39361418269230775 0.4771941826923077 0.38503621875000005 0.41059471634615385 0.37455204086538463 0.3529951754807692 0.37073961057692306 0.36199510336538465 0.36502096875 0.4555943557692308 0.36216164663461536 0.5113939086538462 0.36406786057692303 0.5347937211538462 0.3821768966346154 0.5329937355769231 0.39361418269230775 0.5221938221153846
8 0.4231605024038462 0.5221938221153846 0.4241136105769231 0.505993951923077 0.42125428846153845 0.46279429807692307 0.4193480745192308 0.3997948028846154 0.4155356466346154 0.3691950456730769 0.4060045745192308 0.3853949182692308 0.397426610576923 0.48079415384615387 0.3898017548076923 0.5239938076923077 0.3993328245192308 0.5509935913461539 0.4145825384615385 0.5437936490384615 0.4231605024038462 0.5221938221153846
0 0.42697293269230774 0.36379508894230767 0.4241136105769231 0.4195946442307692 0.4231605024038462 0.5131938942307692 0.42697293269230774 0.552793576923077 0.4450819663461539 0.5473936201923076 0.44984750240384613 0.5077939375 0.4403164326923077 0.3889948870192308 0.43555089663461544 0.35119518990384613 0.42697293269230774 0.36379508894230767
4 0.4622378966346154 0.37279501682692306 0.45651925240384617 0.3853949182692308 0.45461303846153844 0.41599467067307694 0.4517537163461538 0.48799409615384615 0.44984750240384613 0.5131938942307692 0.44984750240384613 0.5617935048076923 0.48034693028846154 0.5617935048076923 0.47176896634615384 0.4915940673076923 0.46890964663461543 0.4231946153846154 0.4622378966346154 0.37279501682692306
2 0.5003621802884616 0.43579451442307693 0.49273732451923075 0.37279501682692306 0.4851124663461538 0.3565951466346154 0.4813000384615385 0.40879473076923073 0.48225314423076926 0.4735942115384616 0.47653450240384615 0.5149938798076923 0.47844071634615387 0.5671934615384615 0.5070339302884616 0.5653934759615384 0.5089401442307693 0.5293937644230768 0.5032215024038462 0.484394125 0.5003621802884616 0.43579451442307693
2 0.5356271442307692 0.42499460096153846 0.5318147163461538 0.38179494471153846 0.5222836442307692 0.35839513221153846 0.5165650024038462 0.3889948870192308 0.5165650024038462 0.46099431249999995 0.5098932524038461 0.4951940384615385 0.5079870384615385 0.5689934471153847 0.5375333581730769 0.5689934471153847 0.5394395721153846 0.5167938653846154 0.5356271442307692 0.48799409615384615 0.5356271442307692 0.42499460096153846
4 0.5623141442307692 0.4231946153846154 0.5642203581730769 0.36739506009615386 0.5518299663461538 0.37279501682692306 0.5403926802884615 0.4231946153846154 0.5422988942307693 0.47899416826923075 0.5403926802884615 0.5329937355769231 0.5432520024038461 0.5671934615384615 0.5708921081730769 0.5599935192307692 0.5670796802884616 0.5257937932692308 0.5623141442307692 0.4699942403846154 0.5623141442307692 0.4231946153846154
0 0.5870949302884616 0.35119518990384613 0.5766107524038462 0.36739506009615386 0.5689858942307692 0.40699474278846154 0.5670796802884616 0.4753941971153846 0.5680327860576923 0.5185938509615384 0.5823293942307692 0.5563935480769231 0.5880480360576923 0.5563935480769231 0.5985322163461538 0.5257937932692308 0.5918604663461539 0.48079415384615387 0.5870949302884616 0.40699474278846154 0.5870949302884616 0.35119518990384613
8 0.6280785360576923 0.5167938653846154 0.6242661081730769 0.43579451442307693 0.6156881442307692 0.36559507451923073 0.6032977500000001 0.3493952043269231 0.5937666802884615 0.41059471634615385 0.5918604663461539 0.46819425480769233 0.5890011442307692 0.5221938221153846 0.6080632860576923 0.5329937355769231 0.6147350360576923 0.5455936346153846 0.6252192139423076 0.5455936346153846 0.6280785360576923 0.5167938653846154
8 0.6499999999999999 0.5383936923076923 0.6538124278846154 0.5041939663461539 0.6461875721153846 0.45919432692307693 0.6423751442307692 0.37819497355769227 0.6280785360576923 0.3547951610576923 0.6204536802884615 0.41059471634615385 0.6204536802884615 0.48079415384615387 0.6252192139423076 0.5275937788461539 0.6423751442307692 0.5383936923076923 0.6499999999999999 0.5383936923076923
7 0.6919367139423076 0.5203938365384615 0.7014677836538462 0.5005939951923077 0.6919367139423076 0.4483944134615384 0.6928898197115385 0.41059471634615385 0.6928898197115385 0.3889948870192308 0.6881242860576923 0.37819497355769227 0.6824056418269231 0.43579451442307693 0.6785932139423078 0.42859457211538465 0.6719214639423078 0.38359493028846153 0.6662028221153846 0.36739506009615386 0.6642966057692308 0.36739506009615386 0.6642966057692308 0.40699474278846154 0.6604841778846153 0.45019439903846153 0.6519062139423077 0.49699402403846155 0.6614372860576924 0.5275937788461539 0.676687 0.5113939086538462 0.6919367139423076 0.5203938365384615
7 0.7157643918269231 0.4321945432692308 0.71004575 0.39619482932692307 0.7119519639423076 0.3529951754807692 0.7062333197115385 0.34759521875000005 0.7014677836538462 0.37639498798076926 0.6995615697115384 0.42139462740384614 0.6938429278846154 0.45919432692307693 0.6938429278846154 0.49339405288461535 0.7062333197115385 0.5077939375 0.7195768197115384 0.5023939807692307 0.7348265336538462 0.4915940673076923 0.7348265336538462 0.4663942692307692 0.7262485697115384 0.43579451442307693 0.7214830336538461 0.37639498798076926 0.7176706057692308 0.38179494471153846 0.7157643918269231 0.4321945432692308
7 0.7567479975961539 0.40699474278846154 0.7434044975961539 0.38359493028846153 0.7233892475961539 0.35839513221153846 0.7233892475961539 0.38359493028846153 0.7300609975961538 0.42679458653846153 0.7348265336538462 0.4663942692307692 0.7481700336538462 0.48259413942307694 0.7596073197115385 0.4663942692307692 0.7653259615384616 0.43939448557692307 0.7672321778846154 0.4177946586538462 0.7567479975961539 0.40699474278846154
7 0.7710446057692307 0.6247930024038462 0.7681852836538462 0.5833933317307692 0.7643728557692308 0.5383936923076923 0.7634197475961538 0.4987940096153846 0.7529355697115385 0.49339405288461535 0.7443576057692307 0.5041939663461539 0.7281547836538462 0.5041939663461539 0.7233892475961539 0.5167938653846154 0.7233892475961539 0.5437936490384615 0.7348265336538462 0.5707934326923076 0.7472169278846154 0.6121931033653847 0.7681852836538462 0.6337929302884615 0.7710446057692307 0.6247930024038462
7 0.7262485697115384 0.6823925408653846 0.7205299278846155 0.6535927716346154 0.7129050697115384 0.6229930168269231 0.7129050697115384 0.6067931466346154 0.7233892475961539 0.6139930889423076 0.7310141057692309 0.6373929014423076 0.7376858557692307 0.6697926418269231 0.7414982836538461 0.6499928004807691 0.7414982836538461 0.6319929447115384 0.7329203197115385 0.6067931466346154 0.7252954639423077 0.5797933605769231 0.7176706057692308 0.5203938365384615 0.702420891826923 0.53119375 0.695749141826923 0.5419936634615385 0.6862180697115385 0.5365937067307692 0.6747807860576922 0.5437936490384615 0.6824056418269231 0.5833933317307692 0.6928898197115385 0.6031931730769231 0.7005146778846154 0.6373929014423076 0.709092641826923 0.6589927283653847 0.7262485697115384 0.6823925408653846
7 0.6576248557692307 0.712992295673077 0.6557186418269231 0.6769925841346154 0.65667175 0.6517927860576923 0.6614372860576924 0.6319929447115384 0.6690621418269231 0.6391928870192308 0.6795463197115384 0.66799265625 0.6881242860576923 0.6913924687499999 0.6909836057692308 0.6787925697115385 0.6804994278846154 0.6373929014423076 0.676687 0.6013931899038462 0.676687 0.5617935048076923 0.6719214639423078 0.5437936490384615 0.6595310721153846 0.5491936057692308 0.6490468942307692 0.5491936057692308 0.6337971778846154 0.5473936201923076 0.6271254302884616 0.5635934903846154 0.6318909639423077 0.5941932451923078 0.6385627139423077 0.6157930745192307 0.644281358173077 0.64459284375 0.6509531057692308 0.6967924254807693 0.6576248557692307 0.712992295673077
8 0.6366565000000001 0.7471920216346154 0.6385627139423077 0.7183922524038462 0.6337971778846154 0.6661926706730769 0.6271254302884616 0.6085931322115384 0.6252192139423076 0.5599935192307692 0.6090163942307693 0.5581935336538462 0.5985322163461538 0.572593420673077 0.5985322163461538 0.5815933485576923 0.6080632860576923 0.6103931177884616 0.6147350360576923 0.64459284375 0.6223598942307693 0.7075923389423077 0.6366565000000001 0.7471920216346154
8 0.6023446442307692 0.7453920360576922 0.5994853221153846 0.6859925120192307 0.6004384302884616 0.6229930168269231 0.6004384302884616 0.5743934038461538 0.584235608173077 0.5707934326923076 0.5727983221153846 0.5941932451923078 0.577563858173077 0.6229930168269231 0.5832825 0.689592483173077 0.5937666802884615 0.7309921514423077 0.6023446442307692 0.7453920360576922
0 0.5708921081730769 0.7669918629807693 0.5727983221153846 0.7039923677884615 0.5718452163461538 0.6337929302884615 0.5747045360576923 0.576193389423077 0.5642203581730769 0.572593420673077 0.5480175384615384 0.5815933485576923 0.5527830721153847 0.6319929447115384 0.5565955024038461 0.6805925552884615 0.5661265721153846 0.7633918942307693 0.5708921081730769 0.7669918629807693
4 0.5432520024038461 0.7219922235576923 0.5432520024038461 0.642792858173077 0.5461113221153846 0.5869933052884615 0.5213305384615384 0.5905932764423076 0.5260960745192308 0.6301929591346155 0.5308616081730769 0.6715926274038462 0.5375333581730769 0.7219922235576923 0.5432520024038461 0.7219922235576923
2 0.5260960745192308 0.7075923389423077 0.5232367524038462 0.6481928149038462 0.5251429663461539 0.5923932620192308 0.5022683942307692 0.5941932451923078 0.5070339302884616 0.6409928725961538 0.5137056802884615 0.6859925120192307 0.5260960745192308 0.7237922091346154 0.5260960745192308 0.7075923389423077
2 0.4908311105769231 0.7273921802884615 0.49845596634615386 0.689592483173077 0.5013152884615384 0.6391928870192308 0.4994090745192308 0.595993233173077 0.4832062524038462 0.5905932764423076 0.48225314423076926 0.6319929447115384 0.4908311105769231 0.7273921802884615
4 0.4813000384615385 0.6931924543269231 0.47653450240384615 0.6355929158653846 0.4774876105769231 0.5815933485576923 0.45842546634615383 0.5833933317307692 0.4603316802884615 0.6301929591346155 0.46700343028846153 0.6643926850961539 0.47844071634615387 0.716592266826923 0.4813000384615385 0.6931924543269231
0 0.4517537163461538 0.7309921514423077 0.45842546634615383 0.6823925408653846 0.4612847884615385 0.6319929447115384 0.45842546634615383 0.5905932764423076 0.4488943966346154 0.5743934038461538 0.4326915745192308 0.5815933485576923 0.4365040024038462 0.6319929447115384 0.43841021634615385 0.6877924975961538 0.44603507451923075 0.739992079326923 0.4517537163461538 0.7309921514423077
8 0.4279260384615385 0.6913924687499999 0.42983225240384615 0.6391928870192308 0.43459778846153846 0.5887932884615384 0.4203011826923077 0.5689934471153847 0.41267632451923075 0.5671934615384615 0.4060045745192308 0.5815933485576923 0.4069576826923077 0.6283929735576923 0.4098170024038461 0.7309921514423077 0.4145825384615385 0.7309921514423077 0.4279260384615385 0.6913924687499999
8 0.37931757451923076 0.7183922524038462 0.39266107451923077 0.6751925985576922 0.4012390384615384 0.6175930600961539 0.4069576826923077 0.572593420673077 0.4031452548076923 0.5599935192307692 0.38122379086538466 0.5563935480769231 0.3735989326923077 0.5689934471153847 0.3726458245192308 0.6067931466346154 0.3688333966346154 0.6751925985576922 0.37073961057692306 0.7309921514423077 0.37931757451923076 0.7183922524038462
7 0.30211589903846153 0.6859925120192307 0.31831871875 0.66799265625 0.33928707692307697 0.6337929302884615 0.34500571875 0.6373929014423076 0.34500571875 0.6715926274038462 0.33928707692307697 0.7255921947115385 0.3478650408653846 0.7219922235576923 0.3573961105769231 0.6967924254807693 0.3593023245192307 0.6517927860576923 0.3593023245192307 0.6121931033653847 0.37645825480769235 0.577993375 0.3774113605769231 0.5491936057692308 0.3593023245192307 0.5491936057692308 0.3526305769230769 0.5347937211538462 0.34309950480769236 0.5401936778846154 0.32880289663461537 0.5455936346153846 0.3230842548076923 0.5671934615384615 0.3230842548076923 0.6031931730769231 0.3078345408653846 0.642792858173077 0.2954441490384615 0.6805925552884615 0.30211589903846153 0.6859925120192307
7 0.26494471875000003 0.6589927283653847 0.26875714903846154 0.6391928870192308 0.2811475408653846 0.6013931899038462 0.29353793269230766 0.5995932043269231 0.2878192908653846 0.6229930168269231 0.27161646875 0.6751925985576922 0.28495996875 0.6751925985576922 0.2963972548076923 0.6409928725961538 0.30974075480769236 0.5923932620192308 0.32213114663461534 0.5743934038461538 0.32880289663461537 0.5455936346153846 0.32213114663461534 0.5275937788461539 0.3068814326923077 0.5275937788461539 0.2878192908653846 0.5023939807692307 0.28210064903846155 0.5203938365384615 0.27733511298076924 0.5581935336538462 0.2620853990384615 0.5995932043269231 0.26017918509615384 0.64459284375 0.26494471875000003 0.6589927283653847
7 0.23349218509615385 0.5023939807692307 0.2306328629807692 0.5365937067307692 0.22872664903846152 0.5671934615384615 0.22205489903846154 0.5995932043269231 0.22205489903846154 0.64459284375 0.23730461298076921 0.6031931730769231 0.24207014903846155 0.5851933173076923 0.23825772115384616 0.64459284375 0.2477887908653846 0.6283929735576923 0.26399161298076923 0.5977932163461538 0.2668509350961539 0.5617935048076923 0.27828821875 0.5257937932692308 0.2706633629807692 0.5023939807692307 0.25160122115384614 0.5023939807692307 0.23349218509615385 0.5023939807692307
6 0.45651925240384617 0.5671934615384615 0.5718452163461538 0.5635934903846154 0.6585779639423077 0.5329937355769231 0.7700914975961539 0.484394125 0.7748570336538462 0.4195946442307692 0.7624666418269231 0.37639498798076926 0.7453107139423077 0.3349953197115385 0.61664125 0.34039527644230766 0.5079870384615385 0.3493952043269231 0.36502096875 0.34399524759615385 0.2477887908653846 0.3367953052884615 0.2306328629807692 0.4195946442307692 0.23539839903846155 0.47899416826923075 0.31355318269230764 0.5239938076923077 0.45651925240384617 0.5671934615384615
5 0.24397636298076925 0.25939592548076923 0.22110179086538462 0.31519547836538464 0.19727411298076922 0.34759521875000005 0.16486847115384615 0.3457952331730769 0.14580632932692308 0.3223954206730769 0.1439001153846154 0.27919576682692304 0.13246282932692308 0.2467960264423077 0.11721311538461537 0.21619626923076923 0.09529165144230768 0.21619626923076923 0.08766679326923077 0.25759593990384616 0.09815097115384616 0.32059543509615385 0.11054136538461538 0.41599467067307694 0.1000571875 0.5383936923076923 0.09624475721153845 0.6103931177884616 0.11626000721153845 0.6913924687499999 0.18583682692307693 0.7345921225961539 0.25160122115384614 0.7795917620192309 0.3421463966346154 0.8461912307692308 0.4231605024038462 0.8641910865384616 0.5613610360576924 0.8731910144230769 0.6804994278846154 0.8443912451923077 0.8015440336538462 0.7471920216346154 0.8892298894230769 0.6535927716346154 0.9092451394230768 0.5653934759615384 0.8930423173076923 0.42859457211538465 0.9054327115384615 0.2953956370192308 0.9178231033653846 0.24139606971153846 0.9092451394230768 0.2017963846153846 0.8930423173076923 0.19099647115384616 0.8739801754807692 0.22699618509615385 0.8682615336538462 0.27919576682692304 0.8511056033653847 0.32419540625 0.8225123894230768 0.35119518990384613 0.7910598557692308 0.32419540625 0.769138391826923 0.28999568028846157 0.7538886778846153 0.25039599759615383 0.7329203197115385 0.2485960120192308 0.7148112836538462 0.2845957235576923 0.7272016778846153 0.32599539182692305 0.7577011057692308 0.36559507451923073 0.7834349975961538 0.40699474278846154 0.7786694615384615 0.4753941971153846 0.7262485697115384 0.4951940384615385 0.5727983221153846 0.552793576923077 0.4603316802884615 0.5617935048076923 0.3259435769230769 0.5149938798076923 0.23444529086538463 0.4735942115384616 0.22396111298076923 0.4483944134615384 0.22872664903846152 0.3943948461538461 0.26399161298076923 0.3421952620192308 0.29067861298076925 0.3169954639423077 0.2897255048076923 0.27199582451923077 0.27161646875 0.24319605528846155 0.24397636298076925 0.25939592548076923