7 0.2544605408653846 0.5041939663461539 0.26494471875000003 0.5041939663461539 0.27828821875 0.48799409615384615 0.2887723990384615 0.4465944278846154 0.2887723990384615 0.3889948870192308 0.2887723990384615 0.35839513221153846 0.27924132692307696 0.3529951754807692 0.25731986298076925 0.40879473076923073 0.24397636298076925 0.43939448557692307 0.2430232548076923 0.46459428365384614 0.2544605408653846 0.4771941826923077 0.2544605408653846 0.5041939663461539
7 0.3011627908653846 0.552793576923077 0.3154593966346154 0.5329937355769231 0.3154593966346154 0.49699402403846155 0.3164125048076923 0.46099431249999995 0.31927182692307693 0.42679458653846153 0.3173656129807692 0.39619482932692307 0.31069386298076923 0.37999495913461534 0.3078345408653846 0.38359493028846153 0.30306900480769233 0.4375945 0.3002096826923077 0.43579451442307693 0.29925657692307694 0.3871949014423077 0.2954441490384615 0.38179494471153846 0.29163171875 0.39799481490384614 0.2868661826923077 0.45019439903846153 0.2763820048076923 0.5041939663461539 0.27733511298076924 0.5329937355769231 0.2878192908653846 0.5329937355769231 0.3011627908653846 0.552793576923077
7 0.33738086057692307 0.5365937067307692 0.34500571875 0.5455936346153846 0.3573961105769231 0.5455936346153846 0.36597407451923075 0.5131938942307692 0.35834921875 0.46459428365384614 0.3602554326923077 0.4195946442307692 0.35548989663461533 0.3853949182692308 0.3497712548076923 0.3943948461538461 0.3478650408653846 0.43939448557692307 0.3440526105769231 0.4555943557692308 0.33833396875 0.42499460096153846 0.33738086057692307 0.39799481490384614 0.3297560048076923 0.3889948870192308 0.3268966826923077 0.42499460096153846 0.3268966826923077 0.47179422596153847 0.3202249326923077 0.49699402403846155 0.3173656129807692 0.5275937788461539 0.32499046875 0.5383936923076923 0.33738086057692307 0.5365937067307692
8 0.39361418269230775 0.53119375 0.39552039663461536 0.5023939807692307 0.3945672884615385 0.4555943557692308 0.3859893245192308 0.3853949182692308 0.3821768966346154 0.3925948581730769 0.37455204086538463 0.42499460096153846 0.37073961057692306 0.4771941826923077 0.36216164663461536 0.5275937788461539 0.37645825480769235 0.5509935913461539 0.39361418269230775 0.53119375
8 0.41839496875000004 0.5419936634615385 0.4288791466346154 0.5221938221153846 0.4231605024038462 0.48079415384615387 0.41839496875000004 0.39079487500000004 0.4155356466346154 0.37819497355769227 0.40886389663461536 0.39079487500000004 0.4031452548076923 0.43579451442307693 0.3964735048076923 0.484394125 0.39361418269230775 0.5149938798076923 0.4021921466346154 0.552793576923077 0.41839496875000004 0.5419936634615385
0 0.4412695384615385 0.5509935913461539 0.45080061057692306 0.5077939375 0.45080061057692306 0.4861941105769231 0.44222264663461536 0.37999495913461534 0.4326915745192308 0.3565951466346154 0.42983225240384615 0.36379508894230767 0.4288791466346154 0.39619482932692307 0.4241136105769231 0.47899416826923075 0.4231605024038462 0.5167938653846154 0.43078536057692307 0.5509935913461539 0.4412695384615385 0.5509935913461539
4 0.47367518028846156 0.4519943846153846 0.47367518028846156 0.39619482932692307 0.46700343028846153 0.3889948870192308 0.4622378966346154 0.40879473076923073 0.4527068245192308 0.4483944134615384 0.45080061057692306 0.4951940384615385 0.4527068245192308 0.5509935913461539 0.47558139663461535 0.5545935625 0.47558139663461535 0.5023939807692307 0.47367518028846156 0.4519943846153846
2 0.5003621802884616 0.3925948581730769 0.4955966442307692 0.36559507451923073 0.4851124663461538 0.3745950024038462 0.48034693028846154 0.43939448557692307 0.47653450240384615 0.4861941105769231 0.4746282884615385 0.5581935336538462 0.5070339302884616 0.5599935192307692 0.5060808245192308 0.5005939951923077 0.4994090745192308 0.4519943846153846 0.5003621802884616 0.3925948581730769
2 0.5337209302884616 0.4123946995192308 0.5280022884615385 0.37099503125 0.5165650024038462 0.37819497355769227 0.5146587884615385 0.4321945432692308 0.5137056802884615 0.46279429807692307 0.5079870384615385 0.4897940817307692 0.5060808245192308 0.5563935480769231 0.5346740384615385 0.5581935336538462 0.5337209302884616 0.4987940096153846 0.5299085024038461 0.48079415384615387 0.5337209302884616 0.4123946995192308
4 0.5556423942307692 0.3997948028846154 0.5480175384615384 0.3853949182692308 0.5422988942307693 0.40159478605769233 0.5384864663461538 0.4537943701923077 0.5384864663461538 0.48799409615384615 0.5375333581730769 0.5509935913461539 0.5604079302884615 0.5509935913461539 0.5585017163461539 0.49339405288461535 0.5556423942307692 0.42679458653846153 0.5556423942307692 0.3997948028846154
0 0.5880480360576923 0.45919432692307693 0.5804231802884615 0.40519475961538465 0.5699390024038462 0.36739506009615386 0.5661265721153846 0.36379508894230767 0.5565955024038461 0.37999495913461534 0.5575486081730769 0.4375945 0.5594548221153846 0.5185938509615384 0.5747045360576923 0.5617935048076923 0.58995425 0.5131938942307692 0.5880480360576923 0.45919432692307693
8 0.6013915360576922 0.37999495913461534 0.5956728942307692 0.36379508894230767 0.5861418221153847 0.39799481490384614 0.5861418221153847 0.46459428365384614 0.5861418221153847 0.5203938365384615 0.6061570721153846 0.552793576923077 0.6223598942307693 0.5239938076923077 0.6118757139423077 0.4753941971153846 0.6061570721153846 0.41599467067307694 0.6013915360576922 0.37999495913461534
8 0.6290316442307693 0.3925948581730769 0.6223598942307693 0.37999495913461534 0.6118757139423077 0.4033947740384616 0.6137819302884615 0.4771941826923077 0.6137819302884615 0.5329937355769231 0.6290316442307693 0.5437936490384615 0.6461875721153846 0.5239938076923077 0.6490468942307692 0.5023939807692307 0.6423751442307692 0.46459428365384614 0.6290316442307693 0.3925948581730769
7 0.6938429278846154 0.5005939951923077 0.6843118557692307 0.45739434134615387 0.68335875 0.40879473076923073 0.67001525 0.3853949182692308 0.6671559278846153 0.42499460096153846 0.6671559278846153 0.43939448557692307 0.6690621418269231 0.4663942692307692 0.6614372860576924 0.42859457211538465 0.6576248557692307 0.39079487500000004 0.6490468942307692 0.37819497355769227 0.6509531057692308 0.4303945576923077 0.6480937860576923 0.4771941826923077 0.6490468942307692 0.5383936923076923 0.6614372860576924 0.5473936201923076 0.6738276778846154 0.5275937788461539 0.6862180697115385 0.5401936778846154 0.6938429278846154 0.5005939951923077
7 0.7176706057692308 0.43579451442307693 0.7176706057692308 0.3871949014423077 0.7071864278846154 0.37819497355769227 0.7071864278846154 0.40519475961538465 0.7052802139423077 0.4303945576923077 0.6947960360576922 0.40519475961538465 0.6852649639423076 0.39799481490384614 0.6862180697115385 0.4321945432692308 0.6919367139423076 0.4555943557692308 0.6919367139423076 0.484394125 0.6947960360576922 0.5293937644230768 0.7081395336538462 0.5401936778846154 0.7205299278846155 0.5275937788461539 0.7367327475961538 0.4951940384615385 0.7281547836538462 0.46819425480769233 0.7176706057692308 0.43579451442307693
7 0.7519824615384615 0.45019439903846153 0.7624666418269231 0.42679458653846153 0.7538886778846153 0.37999495913461534 0.7462638197115384 0.3601951177884616 0.7462638197115384 0.3223954206730769 0.7329203197115385 0.34399524759615385 0.7281547836538462 0.3223954206730769 0.7176706057692308 0.3565951466346154 0.7214830336538461 0.40879473076923073 0.7214830336538461 0.4375945 0.7310141057692309 0.4663942692307692 0.7367327475961538 0.4699942403846154 0.7519824615384615 0.45019439903846153
7 0.7748570336538462 0.6535927716346154 0.7681852836538462 0.6355929158653846 0.769138391826923 0.6229930168269231 0.7786694615384615 0.6355929158653846 0.7815287836538461 0.66799265625 0.7872474254807693 0.6643926850961539 0.7882005336538461 0.6355929158653846 0.7834349975961538 0.6103931177884616 0.7777163557692308 0.5815933485576923 0.769138391826923 0.5419936634615385 0.7557948918269232 0.5329937355769231 0.7472169278846154 0.5545935625 0.7319672139423077 0.5617935048076923 0.7281547836538462 0.5905932764423076 0.7338734278846153 0.6139930889423076 0.7500762475961539 0.6301929591346155 0.7596073197115385 0.6625926995192307 0.7767632475961539 0.6751925985576922 0.7748570336538462 0.6535927716346154
7 0.7119519639423076 0.716592266826923 0.7186237139423077 0.7075923389423077 0.7109988557692308 0.6661926706730769 0.7109988557692308 0.6517927860576923 0.7138581778846155 0.642792858173077 0.7186237139423077 0.6499928004807691 0.7272016778846153 0.6931924543269231 0.7367327475961538 0.7003923966346155 0.7376858557692307 0.6823925408653846 0.7338734278846153 0.642792858173077 0.7300609975961538 0.6067931466346154 0.7338734278846153 0.572593420673077 0.7281547836538462 0.5401936778846154 0.7186237139423077 0.5401936778846154 0.7071864278846154 0.5581935336538462 0.7005146778846154 0.5437936490384615 0.6862180697115385 0.5491936057692308 0.6804994278846154 0.5617935048076923 0.6824056418269231 0.5887932884615384 0.6881242860576923 0.6121931033653847 0.6928898197115385 0.642792858173077 0.6986084639423077 0.6913924687499999 0.7119519639423076 0.716592266826923
7 0.6642966057692308 0.7219922235576923 0.6642966057692308 0.71479228125 0.65667175 0.6769925841346154 0.6576248557692307 0.6463928293269231 0.6652497139423077 0.6553927572115386 0.6776401057692307 0.7003923966346155 0.6814525360576924 0.7237922091346154 0.6852649639423076 0.7075923389423077 0.6843118557692307 0.6643926850961539 0.6776401057692307 0.619393045673077 0.6785932139423078 0.6049931610576923 0.6785932139423078 0.5617935048076923 0.6738276778846154 0.5491936057692308 0.6538124278846154 0.5635934903846154 0.6366565000000001 0.5545935625 0.6299847500000001 0.577993375 0.6328440721153845 0.5977932163461538 0.6404689278846154 0.6265929879807692 0.6461875721153846 0.6787925697115385 0.6519062139423077 0.7057923533653846 0.6642966057692308 0.7219922235576923
8 0.6328440721153845 0.7417920649038462 0.6337971778846154 0.7039923677884615 0.6318909639423077 0.6175930600961539 0.6299847500000001 0.5599935192307692 0.61664125 0.552793576923077 0.6052039639423077 0.5491936057692308 0.5956728942307692 0.5635934903846154 0.596626 0.5851933173076923 0.6061570721153846 0.619393045673077 0.6147350360576923 0.6751925985576922 0.6252192139423076 0.7363921081730769 0.6328440721153845 0.7417920649038462
8 0.6004384302884616 0.739992079326923 0.5994853221153846 0.6931924543269231 0.5994853221153846 0.6157930745192307 0.5975791081730769 0.5671934615384615 0.577563858173077 0.5545935625 0.5680327860576923 0.576193389423077 0.5747045360576923 0.619393045673077 0.5813762860576923 0.6697926418269231 0.5947197860576924 0.7327921370192307 0.6004384302884616 0.739992079326923
0 0.5756576442307693 0.7309921514423077 0.5785169663461539 0.7183922524038462 0.5727983221153846 0.6661926706730769 0.5747045360576923 0.6229930168269231 0.5727983221153846 0.5743934038461538 0.5604079302884615 0.5617935048076923 0.5480175384615384 0.5815933485576923 0.5470644302884615 0.6121931033653847 0.550876858173077 0.6571927427884615 0.5565955024038461 0.689592483173077 0.5756576442307693 0.7309921514423077
4 0.5461113221153846 0.6877924975961538 0.5451582163461539 0.6247930024038462 0.544205108173077 0.577993375 0.524189858173077 0.5797933605769231 0.5308616081730769 0.6247930024038462 0.5356271442307692 0.6733926129807692 0.5461113221153846 0.6931924543269231 0.5461113221153846 0.6877924975961538
2 0.5222836442307692 0.6805925552884615 0.524189858173077 0.6211930312499999 0.524189858173077 0.5815933485576923 0.5070339302884616 0.5815933485576923 0.5079870384615385 0.619393045673077 0.5127525745192307 0.66799265625 0.5165650024038462 0.689592483173077 0.5222836442307692 0.6805925552884615
2 0.4994090745192308 0.6733926129807692 0.504174610576923 0.6211930312499999 0.5079870384615385 0.5851933173076923 0.48892489423076924 0.5851933173076923 0.48892489423076924 0.6229930168269231 0.48987800240384616 0.6625926995192307 0.49273732451923075 0.6841925264423078 0.4994090745192308 0.6733926129807692
4 0.48415936057692305 0.6751925985576922 0.48701868028846157 0.619393045673077 0.48797178846153844 0.5797933605769231 0.4660503245192308 0.577993375 0.4660503245192308 0.6175930600961539 0.4698627524038462 0.6625926995192307 0.47653450240384615 0.6967924254807693 0.48415936057692305 0.6751925985576922
0 0.4431757524038461 0.7093923245192308 0.45556614663461537 0.6715926274038462 0.46509721634615386 0.6175930600961539 0.4660503245192308 0.5797933605769231 0.45651925240384617 0.5635934903846154 0.4412695384615385 0.577993375 0.44222264663461536 0.6247930024038462 0.43555089663461544 0.6697926418269231 0.4279260384615385 0.7111923100961538 0.4431757524038461 0.7093923245192308
8 0.41267632451923075 0.7345921225961539 0.4231605024038462 0.7003923966346155 0.43745711057692305 0.6283929735576923 0.4431757524038461 0.5851933173076923 0.4279260384615385 0.5581935336538462 0.4098170024038461 0.5743934038461538 0.4098170024038461 0.5851933173076923 0.41267632451923075 0.6265929879807692 0.4136294326923077 0.66799265625 0.4098170024038461 0.7309921514423077 0.41267632451923075 0.7345921225961539
8 0.3831300048076923 0.7453920360576922 0.39266107451923077 0.7003923966346155 0.4021921466346154 0.6373929014423076 0.4136294326923077 0.5851933173076923 0.397426610576923 0.5563935480769231 0.38122379086538466 0.5635934903846154 0.3802706826923077 0.5815933485576923 0.3802706826923077 0.6229930168269231 0.3774113605769231 0.6805925552884615 0.37836446875 0.7471920216346154 0.3831300048076923 0.7453920360576922
7 0.3345215408653846 0.712992295673077 0.3421463966346154 0.6769925841346154 0.3507243605769231 0.64459284375 0.35358368269230767 0.6733926129807692 0.3488181466346154 0.7093923245192308 0.3545367908653846 0.7291921658653846 0.36502096875 0.712992295673077 0.3678802908653846 0.6769925841346154 0.3678802908653846 0.6355929158653846 0.3774113605769231 0.5995932043269231 0.37645825480769235 0.5617935048076923 0.36502096875 0.5617935048076923 0.35548989663461533 0.5707934326923076 0.3402401826923077 0.5599935192307692 0.3335684326923077 0.5635934903846154 0.33070911298076927 0.5851933173076923 0.33070911298076927 0.6229930168269231 0.3297560048076923 0.6589927283653847 0.32499046875 0.7219922235576923 0.3345215408653846 0.712992295673077
7 0.28495996875 0.6967924254807693 0.2887723990384615 0.6607927139423077 0.30211589903846153 0.6553927572115386 0.29067861298076925 0.689592483173077 0.2925848269230769 0.712992295673077 0.3011627908653846 0.7111923100961538 0.3126000769230769 0.6733926129807692 0.31927182692307693 0.6319929447115384 0.32499046875 0.6121931033653847 0.32880289663461537 0.5671934615384615 0.3173656129807692 0.5563935480769231 0.30306900480769233 0.572593420673077 0.29449104086538463 0.552793576923077 0.28591307692307694 0.5563935480769231 0.27828821875 0.5851933173076923 0.2811475408653846 0.6139930889423076 0.2697102548076923 0.6841925264423078 0.27924132692307696 0.7057923533653846 0.28495996875 0.6967924254807693
7 0.22396111298076923 0.6139930889423076 0.23825772115384616 0.6103931177884616 0.22682043509615385 0.642792858173077 0.23444529086538463 0.642792858173077 0.2544605408653846 0.6319929447115384 0.27161646875 0.6229930168269231 0.2801944350961538 0.6121931033653847 0.2840068629807692 0.577993375 0.27924132692307696 0.5599935192307692 0.26875714903846154 0.5563935480769231 0.2678040408653846 0.5347937211538462 0.25731986298076925 0.5257937932692308 0.24397636298076925 0.5437936490384615 0.23158597115384616 0.5743934038461538 0.21347693509615384 0.5923932620192308 0.21347693509615384 0.6211930312499999 0.22396111298076923 0.6139930889423076
6 0.29830346875 0.5509935913461539 0.4326915745192308 0.5689934471153847 0.5699390024038462 0.5743934038461538 0.7071864278846154 0.5455936346153846 0.7672321778846154 0.5077939375 0.7748570336538462 0.45739434134615387 0.7681852836538462 0.36739506009615386 0.7577011057692308 0.3169954639423077 0.7338734278846153 0.3025955793269231 0.71004575 0.32959536298076925 0.6919367139423076 0.36199510336538465 0.5975791081730769 0.3493952043269231 0.5098932524038461 0.34759521875000005 0.3497712548076923 0.3547951610576923 0.29067861298076925 0.34399524759615385 0.25731986298076925 0.34399524759615385 0.24492947115384614 0.37819497355769227 0.22777354086538462 0.46279429807692307 0.2411170408653846 0.5167938653846154 0.29830346875 0.5509935913461539
5 0.09243232932692308 0.30799553605769237 0.09910407932692308 0.3691950456730769 0.11149447115384616 0.44479444230769233 0.10768204326923077 0.6283929735576923 0.11816622115384615 0.7435920504807693 0.13627525721153846 0.8047915625000001 0.18774304326923077 0.8551911586538462 0.2535074350961538 0.8353913173076923 0.4231605024038462 0.8443912451923077 0.5994853221153846 0.8353913173076923 0.7586542115384615 0.828191375 0.8472931754807692 0.8173914615384615 0.8873236754807692 0.7633918942307693 0.9035264951923078 0.6751925985576922 0.8987609615384616 0.5203938365384615 0.9111513533653847 0.40699474278846154 0.9159168894230769 0.3313953485576923 0.8997140673076923 0.2989956081730769 0.8768394975961539 0.2935956514423077 0.869214639423077 0.32059543509615385 0.8682615336538462 0.36379508894230767 0.8558711394230769 0.39799481490384614 0.8358558894230769 0.42499460096153846 0.8167937475961539 0.4375945 0.8015440336538462 0.40519475961538465 0.7996378197115385 0.3547951610576923 0.7815287836538461 0.29719562259615384 0.7596073197115385 0.28279573798076924 0.7405451778846154 0.30439556490384617 0.7405451778846154 0.3547951610576923 0.7548417836538461 0.3997948028846154 0.7615135336538461 0.4483944134615384 0.7605604278846154 0.4987940096153846 0.7176706057692308 0.5419936634615385 0.5918604663461539 0.5653934759615384 0.46700343028846153 0.5707934326923076 0.33833396875 0.5617935048076923 0.26017918509615384 0.5329937355769231 0.2506481129807692 0.49339405288461535 0.25160122115384614 0.44299445673076926 0.2706633629807692 0.37819497355769227 0.26399161298076923 0.31159550721153845 0.2477887908653846 0.2935956514423077 0.22300800721153846 0.30619555048076924 0.20585207692307692 0.36379508894230767 0.1724933293269231 0.38179494471153846 0.15438429326923078 0.34399524759615385 0.14580632932692308 0.30439556490384617 0.14104079326923077 0.26839585336538463 0.11911932932692307 0.24319605528846155 0.09624475721153845 0.2521959831730769 0.09243232932692308 0.30799553605769237